d3/d3,293,299,4341,1285608044,1656857067
twbs/bootstrap,82,2051,22042,1303937631,1669411810
facebook/react,140,901,15383,1369856771,1669077221
facebook/react-native,433,3907,26168,1422580249,1669487336
FortAwesome/Font-Awesome,73,580,10,1644254664,1668537294
mui/material-ui,390,4057,20885,1408389114,1669418112
nodejs/node,759,743,37681,1234742520,1669603037
adam-p/markdown-here,49,63,807,1336879726,1538313466
jquery/jquery,126,206,6587,1142998387,1669334096
expressjs/express,286,121,5752,1246042578,1665259902
webpack/webpack,590,1355,15206,1331381483,1668007643
atom/atom,570,1936,38533,1313727119,1669133517
h5bp/html5-boilerplate,31,53,2419,1264356223,1667287612
lodash/lodash,423,336,8005,1256495772,1619198737
Semantic-Org/Semantic-UI,157,1068,6745,1365463685,1665086549
mermaid-js/mermaid,106,390,6430,1414885952,1669601510
strapi/strapi,266,1610,25354,1443652216,1669374040
ColorlibHQ/AdminLTE,73,612,2558,1387939960,1657621284
TryGhost/Ghost,612,1790,31974,1367665753,1669365691
prettier/prettier,119,1529,6978,1480439650,1669344767
serverless/serverless,366,1757,15531,1429588150,1669130892
moment/moment,87,283,3980,1298947996,1657123201
Unitech/pm2,149,221,4984,1369106840,1665647239
Dogfalo/materialize,37,278,3878,1410550538,1591029589
yarnpkg/yarn,171,627,2353,1453543577,1662404051
Leaflet/Leaflet,50,817,7484,1283352930,1669480161
hexojs/hexo,150,267,3578,1347274289,1669570503
marktext/marktext,36,381,1599,1510502757,1657979158
dcloudio/uni-app,1115,264,10034,1531385560,1669611369
quilljs/quill,140,218,5360,1343690598,1668441632
gorhill/uBlock,479,144,10254,1403481634,1669410118
photonstorm/phaser,146,86,18012,1365769671,1669332712
preactjs/preact,205,187,5206,1441939427,1669098915
SheetJS/sheetjs,110,66,767,1354562753,1664916655
carbon-app/carbon,220,95,1845,1497581736,1668732075
vuejs/vue-cli,182,562,3531,1514148206,1667962736
microsoft/monaco-editor,64,494,2922,1465318279,1669108743
jgraph/drawio,862,68,1819,1473166755,1669135873
jashkenas/backbone,32,249,3452,1285876085,1669236956
react-boilerplate/react-boilerplate,30,171,1457,1424269916,1555609720
atlassian/react-beautiful-dnd,103,168,802,1502260414,1668466438
jashkenas/underscore,81,155,2828,1256495772,1669161634
caolan/async,86,104,1883,1273773050,1659584131
standard/standard,181,74,1947,1422321991,1667999265
kenwheeler/slick,50,337,923,1395626262,1656409200
webtorrent/webtorrent,424,87,3192,1381825000,1669027406
sequelize/sequelize,619,1294,9707,1279826724,1669585421
SortableJS/Sortable,40,79,1078,1387447898,1647793594
fastify/fastify,245,393,3516,1475089815,1669493259
ccxt/ccxt,699,1082,66253,1494776517,1669475575
GoogleChrome/lighthouse,119,1069,5449,1452878000,1669146969
select2/select2,49,346,2649,1330887506,1667265264
parallax/jsPDF,33,122,2266,1240196571,1644593696
remy/nodemon,128,87,1264,1286112874,1668721965
bvaughn/react-virtualized,201,77,1986,1448563466,1650719649
nylas/nylas-mail,108,435,6116,1423009471,1528064760
ajaxorg/ace,81,114,8283,1270215585,1669196543
immerjs/immer,131,89,1272,1514550348,1666444813
Automattic/mongoose,751,915,17795,1270590182,1669488878
louislam/uptime-kuma,72,173,3339,1624542123,1669467153
lovell/sharp,129,190,1743,1376943864,1668979845
swagger-api/swagger-ui,298,725,5504,1311616565,1669286281
sampotts/plyr,230,130,2267,1423914164,1668666960
pure-css/pure,32,59,820,1366647399,1667917467
rollup/rollup,612,498,5058,1431642351,1669531040
docsifyjs/docsify,193,102,1639,1479628597,1669337632
balderdashy/sails,280,143,7158,1326772151,1668997302
facebook/draft-js,28,88,1198,1456163236,1667871191
mochajs/mocha,190,536,3594,1314587614,1668536838
eslint/eslint,315,3444,8685,1372549714,1669613677
postcss/autoprefixer,182,95,2601,1363237513,1668167509
jlmakes/scrollreveal,79,70,949,1413580379,1637617019
pugjs/pug,141,112,2572,1276730921,1640279731
OpenZeppelin/openzeppelin-contracts,106,58,2999,1470084894,1669391716
vuejs/vuepress,127,108,2128,1522857218,1668050152
js-cookie/js-cookie,32,90,830,1249326755,1666852869
avajs/ava,103,234,1954,1416331152,1668434988
necolas/react-native-web,270,122,1873,1433877848,1667414221
petkaantonov/bluebird,269,59,2111,1378128668,1664545899
benweet/stackedit,127,69,313,1500835328,1617045695
hapijs/joi,247,397,2368,1347813486,1667296722
winstonjs/winston,97,90,1501,1293500933,1668945392
parse-community/parse-server,269,218,4071,1454007492,1669481234
zadam/trilium,251,266,5786,1495499420,1669240132
jorgebucaran/hyperapp,117,75,1389,1481996684,1663557116
gchq/CyberChef,451,177,3441,1480329778,1669394981
vuejs/vue-router,95,101,1441,1467776976,1665669479
svg/svgo,89,158,1360,1345632103,1668789978
responsively-org/responsively-app,38,54,1462,1562949028,1669550308
jsdom/jsdom,257,211,3567,1263759980,1668940183
eggjs/egg,130,56,1030,1468345190,1669613498
facebookexperimental/Recoil,26,96,910,1588715678,1669260983
mysqljs/mysql,63,73,1378,1334296304,1582538993
handsontable/handsontable,206,2127,7720,1306190479,1669383979
julianshapiro/velocity,119,103,895,1397073758,1596352202
BoostIO/BoostNote-Legacy,96,455,4730,1432627500,1630545428
framework7io/framework7,351,101,6665,1393157753,1669195399
artf/grapesjs,129,143,5085,1452864497,1668769666
knex/knex,172,188,2978,1356758305,1669191254
youzan/vant-weapp,131,309,2487,1482136217,1669258405
Budibase/budibase,1605,1292,27687,1553031921,1669384838
KaTeX/KaTeX,69,298,2103,1373015133,1667352528
yabwe/medium-editor,149,93,2621,1369847277,1596368520
appium/appium,533,1633,9292,1357771790,1669368965
pouchdb/pouchdb,75,298,4834,1276202126,1669069204
node-red/node-red,151,148,7893,1378389768,1667855575
infernojs/inferno,256,285,6141,1422839770,1669560660
sweetalert2/sweetalert2,712,66,2917,1411722360,1669290838
krisk/Fuse,109,72,726,1338179466,1655766214
bower/bower,112,186,2792,1346976702,1647273155
ToolJet/ToolJet,136,1139,3494,1617197929,1669613371
aframevr/aframe,28,139,6354,1440101694,1669226684
mjmlio/mjml,114,65,2372,1453992202,1662860371
riot/riot,264,399,3814,1380259286,1667853892
keystonejs/keystone-classic,75,329,8795,1372741315,1644896755
be5invis/Iosevka,281,423,3494,1437261241,1669475715
mdx-js/mdx,231,148,1550,1513986690,1669297053
janpaepke/ScrollMagic,29,53,669,1337522042,1658657673
hapijs/hapi,349,628,5703,1312591001,1669195407
bootstrap-vue/bootstrap-vue,154,455,5347,1475942330,1666746599
umami-software/umami,64,93,1934,1594973018,1668390967
infinitered/reactotron,123,66,1259,1460496151,1667322286
OptimalBits/bull,156,72,2114,1372343735,1669297829
ether/etherpad-lite,60,813,8022,1301145041,1669032184
moment/luxon,113,111,1151,1448887599,1668762007
strongloop/loopback,169,401,2416,1365523356,1614992463
11ty/eleventy,145,278,2005,1511760448,1669072893
pqina/filepond,196,66,700,1508503705,1668871978
showdownjs/showdown,59,82,916,1226612418,1668446198
NodeBB/NodeBB,344,2897,24450,1366649492,1669597270
Semantic-Org/Semantic-UI-React,306,431,3108,1443708831,1669226498
spicetify/spicetify-cli,83,607,822,1543694156,1669568008
MobSF/Mobile-Security-Framework-MobSF,43,99,1819,1422678961,1669161694
josdejong/mathjs,247,217,4815,1360957561,1669133757
rwaldron/johnny-five,94,55,3357,1333138321,1644001701
node-inspector/node-inspector,58,94,621,1279408911,1517363221
uxsolutions/bootstrap-datepicker,38,60,1674,1330976878,1647612357
redux-form/redux-form,208,207,2061,1438358863,1669370086
gaearon/react-hot-loader,175,77,1890,1405218517,1668313212
oliver-moran/jimp,87,89,932,1410648825,1663259773
mishoo/UglifyJS,268,1018,3305,1338116941,1669211370
react-dates/react-dates,159,66,1597,1462322986,1643229880
nock/nock,358,95,2074,1316687886,1667332551
segmentio/evergreen,242,103,928,1501377341,1669057446
reactioncommerce/reaction,187,807,21137,1379518236,1667279005
BrowserSync/browser-sync,215,74,2057,1380833511,1656962340
marko-js/marko,828,218,4665,1389139170,1667409398
karma-runner/karma,245,149,2840,1318406370,1661962479
wenzhixin/bootstrap-table,59,784,4673,1377012908,1669410474
keeweb/keeweb,128,533,3819,1445118564,1654798586
nightwatchjs/nightwatch,291,233,2455,1332020170,1669579570
GoogleChrome/workbox,98,139,1298,1459785319,1659450825
downshift-js/downshift,238,74,698,1501000899,1669207794
stylus/stylus,170,331,4099,1291932330,1665381413
summernote/summernote,56,361,3519,1367039294,1669519365
PrismJS/prism,41,280,3604,1341949694,1661251309
brianc/node-postgres,204,58,2597,1285729761,1669261836
restify/node-restify,154,115,1710,1303766327,1542367408
shipshapecode/shepherd,182,120,2237,1387261848,1669045665
google/blockly,36,630,7639,1383169563,1669405832
atomiks/tippyjs,101,161,1409,1491029495,1644025760
bpampuch/pdfmake,78,134,1381,1390320018,1667110477
exceljs/exceljs,221,56,1742,1418158632,1637491098
reactstrap/reactstrap,150,96,1268,1455869021,1668521876
spencermountain/compromise,234,150,5667,1310474063,1669402283
knockout/knockout,44,186,1797,1278317232,1630984516
Netflix/falcor,53,55,2183,1423786670,1620327568
react-static/react-static,247,187,1610,1504883675,1651244303
NginxProxyManager/nginx-proxy-manager,59,390,1071,1513810877,1668462888
vega/vega,170,245,6296,1359916590,1668700025
yargs/yargs,209,141,1801,1284094760,1667492856
josdejong/jsoneditor,200,132,1680,1335007708,1669374305
stylelint/stylelint,196,588,5961,1418282405,1668998080
FormidableLabs/victory,238,123,8412,1437104775,1666992402
wix/Detox,447,691,4311,1465992178,1668701656
snapappointments/bootstrap-select,76,137,1863,1348693019,1650497881
jhen0409/react-native-debugger,94,55,899,1464561881,1663451185
hackjutsu/Lepton,48,58,670,1483136923,1603277608
openlayers/openlayers,149,409,32050,1147462522,1669389857
yjs/yjs,284,77,1646,1406662150,1667921412
apidoc/apidoc,49,81,854,1366481374,1666026673
DevExpress/testcafe,376,1249,3055,1429537408,1669115715
HabitRPG/habitica,1014,529,24067,1328068642,1669082895
react-dropzone/react-dropzone,177,65,601,1411819117,1662244567
c3js/c3,124,279,2056,1368027085,1668078420
mapbox/mapbox-gl-js,238,1336,10288,1372288845,1668803022
sparksuite/simplemde-markdown-editor,30,53,493,1434744185,1465927024
piskelapp/piskel,32,69,1837,1345676004,1625231490
streamaserver/streama,87,120,1830,1438171175,1641541027
sinonjs/sinon,191,65,3514,1269904876,1667842384
aksonov/react-native-router-flux,70,69,1431,1440501164,1616746802
webtorrent/webtorrent-desktop,38,171,2556,1451746868,1669030401
MetaMask/metamask-extension,370,1606,15510,1438393082,1669374408
didi/chameleon,83,120,1121,1547822072,1625740506
Automattic/node-canvas,142,95,1895,1285781138,1667093733
jshint/jshint,72,237,2305,1289603420,1668193610
angular/protractor,94,296,1809,1358310900,1587069716
jprichardson/node-fs-extra,85,76,1095,1321480060,1668881345
react-toolbox/react-toolbox,58,81,2396,1432740213,1559155523
chakra-core/ChakraCore,61,753,13028,1452022120,1668012588
MarshallOfSound/Google-Play-Music-Desktop-Player-UNOFFICIAL-,58,225,1456,1438351888,1616504039
uber/react-vis,103,56,880,1456177390,1668021970
google/traceur-compiler,65,250,1730,1301446627,1473957455
jsx-eslint/eslint-plugin-react,194,675,3118,1418687054,1669011003
electron/electron-packager,100,133,1165,1427079079,1669076578
hackmdio/codimd,36,218,2899,1430719606,1659770652
grommet/grommet,143,514,6484,1426615094,1669234704
VulcanJS/Vulcan,69,101,7750,1345685242,1661226488
vernesong/OpenClash,148,154,1833,1559145387,1667673361
leeoniya/uPlot,53,87,1285,1569700771,1669446294
ljharb/qs,77,68,747,1406313314,1666929794
terser/terser,306,104,3126,1338116941,1669481573
electerm/electerm,349,364,1356,1507371074,1669335476
webpack/webpack-dev-server,143,176,2336,1347879380,1669590773
Turfjs/turf,92,160,3539,1380811825,1669589945
styled-components/polished,85,63,864,1478184055,1664966475
metafizzy/flickity,34,55,571,1418679764,1646449974
aws/aws-sdk-js,1537,304,5468,1346892460,1669604140
reactjs/react-modal,114,74,564,1411049507,1669253578
Jermolene/TiddlyWiki5,54,125,11126,1321972169,1669571288
Hacker0x01/react-datepicker,180,51,3066,1403422453,1669321423
cssinjs/jss,182,175,1919,1413146009,1666351485
Jermolene/TiddlyWiki5,54,125,11126,1321972169,1669571288
reactjs/react-modal,114,74,564,1411049507,1669253578
Hacker0x01/react-datepicker,180,51,3066,1403422453,1669321423
brunch/brunch,132,114,3070,1295436483,1657892075
cssinjs/jss,182,175,1919,1413146009,1666351485
kazupon/vue-i18n,163,65,1625,1399051879,1667877506
bpmn-io/bpmn-js,281,415,2555,1394549676,1669388863
beakerbrowser/beaker,60,482,8339,1464213159,1607461997
stitchesjs/stitches,71,148,1073,1586848056,1666282466
npm/cli,807,2208,11556,1254244893,1668626189
elasticsearch-dump/elasticsearch-dump,263,58,1345,1387482151,1666799354
jackocnr/intl-tel-input,327,58,1895,1370034490,1663077680
ckeditor/ckeditor5,68,2828,48963,1402058237,1669392375
twbs/icons,28,170,993,1564100855,1669493065
wojtekmaj/react-pdf,115,181,1247,1412109836,1669287514
node-formidable/formidable,46,91,687,1272925172,1669476948
bookshelf/bookshelf,84,193,1904,1363235538,1614523941
shentao/vue-multiselect,33,75,518,1461438527,1669120803
jquense/react-big-calendar,140,98,762,1440212176,1668085435
angular-fullstack/generator-angular-fullstack,88,168,2786,1346673906,1572655076
FreeTubeApp/FreeTube,43,643,4029,1581430985,1669609446
postmanlabs/newman,136,169,4023,1394041937,1661382239
zotero/zotero,273,178,12437,1140541266,1669125268
fabiospampinato/cash,53,70,771,1411130860,1668813264
carbon-design-system/carbon,847,1971,9298,1433953575,1669607035
AlaSQL/alasql,79,169,1860,1414341037,1669539404
shaka-project/shaka-player,279,1082,4767,1419027979,1669141096
davidjbradshaw/iframe-resizer,123,53,1415,1371237512,1664099218
flot/flot,53,397,1079,1196432789,1659371576
minbrowser/min,65,274,2497,1446328781,1669440601
artilleryio/artillery,158,65,2161,1432810724,1669294926
ractivejs/ractive,99,548,5735,1343740124,1664310030
imba/imba,190,111,3014,1425381122,1669024000
junegunn/fzf,116,180,2210,1382491615,1669534259
gohugoio/hugo,164,1137,7302,1372951586,1669353858
syncthing/syncthing,519,1401,6981,1387104211,1669607317
prometheus/prometheus,279,563,10576,1353755652,1669394560
moby/moby,338,1964,45044,1358554419,1669565880
kubernetes/kubernetes,972,37221,112154,1402098048,1669412644
gogs/gogs,70,904,5817,1392170503,1669548970
caddyserver/caddy,110,560,1536,1553623254,1669261762
etcd-io/etcd,230,557,18866,1370565812,1669579963
traefik/traefik,311,2267,4587,1440778162,1669369806
ethereum/go-ethereum,193,953,13812,1388058352,1669390207
jesseduffield/lazygit,157,318,3637,1526181825,1669430558
go-gitea/gitea,165,7781,14191,1392170503,1669573229
pingcap/tidb,246,9457,19033,1441512282,1669617120
hashicorp/terraform,260,10470,30630,1400714933,1669396022
nektos/act,43,333,736,1546458823,1669601771
harness/drone,86,55,4044,1391767801,1669135124
beego/beego,47,100,4629,1330924787,1669105680
docker/compose,200,1479,3699,1586184040,1669300323
cli/cli,104,1122,6124,1570159231,1669204968
hashicorp/consul,215,758,19288,1383603327,1669473476
hashicorp/vault,193,810,16258,1424823359,1669410056
cockroachdb/cockroach,267,9779,75087,1391645927,1669396335
jesseduffield/lazydocker,28,75,737,1557572380,1669202526
ehang-io/nps,51,268,700,1541337771,1633763921
labstack/echo,109,154,1650,1425231913,1669375672
gofiber/fiber,105,225,3359,1577707862,1669303937
mattermost/mattermost-server,645,409,15657,1434354812,1669405525
influxdata/influxdb,401,1605,35226,1365690807,1669227490
kubernetes/minikube,137,2553,20304,1460759915,1669247020
portainer/portainer,108,1076,3574,1370736734,1669616890
kataras/iris,26,126,2533,1464617289,1669415111
github/hub,100,281,3327,1260051359,1649078210
nsqio/nsq,31,358,2233,1336833428,1666581626
k3s-io/k3s,531,343,2550,1546330981,1669235500
helm/helm,168,1028,6722,1446508376,1668614229
iawia002/lux,75,55,760,1517925580,1668649904
dapr/dapr,139,1026,3778,1561069106,1669612114
rancher/rancher,1396,11416,9570,1510621059,1669219518
go-kratos/kratos,57,145,1638,1547118846,1669459441
derailed/k9s,191,404,1359,1548442388,1668579090
go-delve/delve,39,306,2342,1399148280,1668689558
fyne-io/fyne,61,421,7153,1518267038,1668374343
urfave/cli,123,212,2713,1373742828,1669555621
dgraph-io/dgraph,161,734,5771,1440486956,1669304728
goharbor/harbor,232,814,11476,1454327950,1669615350
filebrowser/filebrowser,104,94,2349,1442047961,1669375567
grafana/k6,75,315,4861,1458579106,1669217712
restic/restic,36,477,6519,1396779778,1669567034
grafana/loki,28,179,4247,1523799098,1669366562
charmbracelet/bubbletea,52,67,688,1578690124,1668673372
cloudreve/Cloudreve,32,85,809,1572870514,1669207449
jaegertracing/jaeger,61,217,1861,1461018131,1669313911
buger/goreplay,47,53,1299,1369906698,1668021632
grpc/grpc-go,133,1256,4330,1421456611,1669155373
containers/podman,174,3807,17228,1509548487,1669483895
flipped-aurora/gin-vue-admin,34,167,2449,1567344277,1669372465
aquasecurity/trivy,104,538,1746,1553675618,1669565050
authelia/authelia,184,241,3553,1481330878,1669611760
vitessio/vitess,109,1553,32014,1330154383,1669619263
AdguardTeam/AdGuardHome,115,1069,3560,1535639133,1669389685
milvus-io/milvus,249,4159,16132,1552908789,1669618394
grpc-ecosystem/grpc-gateway,88,89,2117,1427977301,1669529276
ipfs/kubo,135,1194,13745,1403768328,1669394554
kubernetes/kops,198,778,18582,1459205428,1669605967
wtfutil/wtf,68,147,3285,1522256049,1667058217
cilium/cilium,470,5117,21045,1450269211,1669458561
hashicorp/packer,110,2941,18064,1364017313,1668463313
GoogleContainerTools/skaffold,124,945,8424,1515007955,1669231680
casbin/casbin,216,102,1032,1491637883,1669305129
dolthub/dolt,206,321,16298,1433303133,1669248401
ory/hydra,214,344,3503,1432298528,1669024260
wailsapp/wails,291,354,2955,1544915646,1669600539
gravitational/teleport,1435,1355,9822,1425324960,1669607112
alist-org/alist,70,434,1136,1635159239,1669615528
containerd/containerd,156,443,11330,1446766193,1669561943
hashicorp/nomad,203,1648,24015,1433154060,1669398413
containrrr/watchtower,34,257,771,1436823664,1667998806
argoproj/argo-workflows,299,2101,3971,1508276328,1669454188
influxdata/telegraf,211,1855,7082,1427905724,1669136692
tinygo-org/tinygo,30,232,3027,1523456234,1664373164
nats-io/nats-server,79,217,6552,1351527145,1669403381
kubernetes/dashboard,60,613,4408,1444950554,1669402564
golangci/golangci-lint,104,433,2089,1525441275,1669593381
dgraph-io/badger,48,129,1359,1485407389,1667535873
GoogleContainerTools/kaniko,39,123,1817,1516918927,1668101715
kubesphere/kubesphere,30,1947,2995,1524276184,1669283268
zricethezav/gitleaks,142,202,891,1517077241,1669154103
thanos-io/thanos,92,337,2966,1509557884,1669618836
argoproj/argo-cd,238,1738,4767,1518655987,1669488319
elastic/beats,224,3777,16044,1391626862,1669301352
projectdiscovery/nuclei,60,563,3447,1585939587,1668680945
git-lfs/git-lfs,98,328,8522,1379887252,1668539674
goreleaser/goreleaser,508,558,4205,1482323734,1669400789
kubernetes-sigs/kind,30,595,3729,1536788669,1668747750
rook/rook,160,2092,9339,1468017869,1669287158
coredns/coredns,53,376,3483,1458334655,1669037246
future-architect/vuls,92,234,1297,1459045749,1668043155
direnv/direnv,79,124,990,1290275623,1669316053
labring/sealos,114,70,1836,1534335803,1669607308
opencontainers/runc,38,128,6164,1392771371,1669160452
cert-manager/cert-manager,146,1621,7294,1500453553,1669203294
tailscale/tailscale,83,1401,4932,1580508004,1669568640
tinode/chat,56,95,3616,1445533239,1668477115
juanfont/headscale,79,100,2644,1592731267,1669460271
crawlab-team/crawlab,29,326,2427,1549778520,1668393892
quay/clair,115,97,1593,1447441888,1669221266
Shopify/sarama,59,89,2928,1373050359,1668511447
blevesearch/bleve,44,70,2644,1397768153,1668773787
knadh/listmonk,26,92,1089,1540475507,1669570660
JanDeDobbeleer/oh-my-posh,911,567,2240,1552475670,1669574532
Jguer/yay,42,284,1942,1473041871,1668949321
Masterminds/glide,39,99,1093,1404885689,1562769524
goplus/gop,117,156,2962,1449883299,1660531958
infracost/infracost,86,147,2112,1592567044,1669293323
99designs/gqlgen,62,85,2411,1476310090,1669412812
earthly/earthly,110,148,1800,1584037445,1669321604
openshift/origin,71,4334,35195,1406744262,1669403270
gotify/server,49,65,545,1516395958,1668018388
go-vgo/robotgo,57,53,1438,1474907216,1669603414
go-swagger/go-swagger,59,372,2966,1416163841,1667686090
kubernetes/kompose,40,71,1422,1467062127,1669142670
aws/aws-sdk-go,1461,306,4899,1417757652,1669604612
kelseyhightower/confd,50,56,891,1380600673,1664377085
twpayne/chezmoi,152,224,3845,1541021802,1669475415
codenotary/immudb,38,130,3771,1573114937,1669110554
cortexlabs/cortex,63,227,2325,1548305146,1663955088
TykTechnologies/tyk,352,636,4040,1399472198,1669412927
ory/kratos,70,261,3538,1527610178,1669195987
hashicorp/terraform-provider-aws,287,4960,59390,1401409718,1669341410
binwiederhier/ntfy,70,93,1269,1634943242,1669604580
fsnotify/fsnotify,39,63,518,1318629149,1668667549
lucas-clemente/quic-go,67,445,5840,1459973741,1668636685
prometheus-operator/prometheus-operator,112,372,5369,1474458493,1669383484
flannel-io/flannel,52,64,1281,1405014329,1669309895
dexidp/dex,78,101,2254,1469476828,1667942081
IceWhaleTech/CasaOS,56,128,459,1632623702,1669357731
gobuffalo/buffalo,162,107,2867,1479940439,1666874749
hajimehoshi/ebiten,228,762,8093,1371283634,1669525968
open-policy-agent/opa,141,493,4316,1451340505,1669281214
VictoriaMetrics/VictoriaMetrics,395,407,5254,1538301482,1669443569
tektoncd/pipeline,113,1023,3459,1535566916,1669238076
kubescape/kubescape,140,55,1855,1628773286,1668589199
olivere/elastic,325,52,1421,1354814038,1648039244
juicedata/juicefs,32,219,2124,1610099066,1669615911
panjf2000/gnet,68,58,746,1567822474,1669573299
distribution/distribution,49,233,4770,1368582099,1669546575
sourcegraph/sourcegraph,475,2632,26153,1493875306,1669618942
mikefarah/yq,122,486,1462,1443305684,1669585188
go-resty/resty,27,52,415,1440784127,1658270543
roadrunner-server/roadrunner,223,164,3251,1514304893,1669544027
dagger/dagger,86,143,5777,1609296316,1669321682
vmware-tanzu/velero,104,341,3418,1501694837,1669368461
concourse/concourse,371,1470,26501,1397434264,1669433872
moonD4rk/HackBrowserData,33,57,313,1592570611,1667108518
projectdiscovery/subfinder,33,89,1220,1522489498,1668695843
lightningnetwork/lnd,125,1341,13990,1445986196,1669133504
securego/gosec,28,62,814,1469008921,1669567464
weaveworks/weave,73,628,7293,1408380926,1669200002
uber/cadence,80,129,3178,1477350452,1669238453
rancher/os,183,187,2667,1423456717,1634663079
Mrs4s/go-cqhttp,91,431,1635,1595426803,1660376620
gruntwork-io/terragrunt,397,202,2100,1464041886,1669311816
tilt-dev/tilt,213,463,4616,1533657605,1668814445
crossplane/crossplane,89,298,4216,1536384153,1669232571
operator-framework/operator-sdk,99,479,3115,1518026032,1669214788
berty/berty,1067,938,7770,1531561091,1669125248
go-task/task,65,114,1392,1488150876,1669589405
vmware-tanzu/octant,40,224,3670,1537302131,1645746387
datreeio/datree,916,71,1032,1618400751,1669539645
kubernetes-sigs/kubebuilder,43,404,2845,1521062775,1669486084
kubernetes-sigs/external-dns,73,420,2869,1486676067,1669580886
johnkerl/miller,61,74,8549,1430694037,1669573789
safing/portmaster,114,207,1655,1534162467,1668587029
bufbuild/buf,105,110,1142,1571366471,1669245597
crowdsecurity/crowdsec,106,336,1052,1589535486,1669383350
containers/buildah,107,181,4481,1485449953,1669197348
segmentio/kafka-go,57,168,745,1494372054,1668795021
bitnami-labs/sealed-secrets,62,88,1033,1496027387,1669105223
go-acme/lego,54,249,1240,1433723767,1669575868
gravitl/netmaker,42,160,3892,1616689072,1668802770
weaveworks/scope,61,492,5942,1432029722,1665655879
temporalio/temporal,163,223,4536,1477350452,1669427311
pachyderm/pachyderm,1009,210,21442,1409817002,1669249671
runatlantis/atlantis,104,267,2305,1495672183,1669513749
go-flutter-desktop/go-flutter,63,58,344,1534539548,1669109042
ansible-semaphore/semaphore,118,131,1456,1408833811,1669197312
kubeedge/kubeedge,51,1073,4538,1538125070,1669447453
aquasecurity/kube-bench,58,55,957,1495790729,1669615086
metallb/metallb,47,129,1713,1510019750,1669485592
prometheus/alertmanager,67,100,2693,1373987036,1668519755
aquasecurity/tfsec,322,156,1305,1551718642,1666715376
chaos-mesh/chaos-mesh,63,469,1647,1567564195,1669276439
42wim/matterbridge,110,276,1655,1445612825,1669506937
mvdan/sh,52,52,3515,1452933504,1669131659
tendermint/tendermint,240,518,9084,1397867517,1669394614
fnproject/fn,850,54,3393,1356924091,1576713675
alda-lang/alda,139,62,1680,1379197592,1669313150
navidrome/navidrome,80,176,2969,1456270895,1669604467
MontFerret/ferret,39,66,830,1534992167,1668404247
traefik/yaegi,65,983,1046,1515588028,1667834532
benthosdev/benthos,451,111,3921,1440537818,1669540607
elves/elvish,40,224,6165,1371201775,1669482156
goadesign/goa,91,164,2438,1445560352,1669570967
gopasspw/gopass,77,300,1502,1486047226,1669369834
cortexproject/cortex,61,143,4517,1466590479,1669406683
googleforgames/agones,79,513,1879,1508645586,1668796087
containerd/nerdctl,41,115,1908,1607064236,1669615443
libp2p/go-libp2p,107,160,5025,1419860636,1669155877
smallstep/certificates,186,112,3307,1538776116,1669050801
anchore/grype,87,174,749,1590503848,1669402760
knative/serving,96,1114,7894,1517334335,1669387685
hibiken/asynq,49,59,828,1573794439,1662690422
BishopFox/sliver,72,170,3212,1547762919,1669166167
cosmos/cosmos-sdk,242,793,10191,1454742993,1669587085
casdoor/casdoor,344,129,1235,1603200107,1669620646
hashicorp/waypoint,41,298,10733,1580271408,1669213639
hashicorp/consul-template,69,216,2356,1412796027,1668549554
KubeOperator/KubeOperator,58,88,6415,1541153961,1668160650
v2rayA/v2rayA,97,172,1253,1571431327,1669428569
kubevela/kubevela,139,253,3293,1594050329,1669606520
vmware-tanzu/kubeapps,78,278,4122,1508429123,1669587421
m3db/m3,89,58,4205,1461166161,1667599702
cri-o/cri-o,174,548,7377,1473450991,1669236933
jenkins-x/jx,3463,2230,12026,1515167169,1669490556
aler9/rtsp-simple-server,113,168,1306,1577563724,1668552400
bytebase/bytebase,42,60,6156,1611722115,1669619736
apache/dubbo-go,48,94,8750,1533706237,1669597725
ConsenSys/quorum,221,87,14335,1388058352,1669389319
tsuru/tsuru,236,381,15423,1331658236,1666724490
weaveworks/eksctl,532,1277,6801,1526997574,1669391257
kubernetes/kube-state-metrics,68,208,2460,1462515014,1669335124
turbot/steampipe,287,502,1781,1610892448,1669394918
fluxcd/flux2,160,125,2469,1587721102,1669380378
matrix-org/dendrite,61,275,2540,1484936751,1669153107
ovh/cds,73,591,5127,1476174755,1669381413
projectcalico/calico,2146,289,28624,1380600673,1669416700
projectdiscovery/httpx,30,162,1056,1590745075,1667035408
nginxinc/kubernetes-ingress,70,193,2352,1457582170,1669385994
mosn/mosn,35,232,5155,1519822819,1669597238
boyter/scc,31,57,1166,1519886665,1669160017
roboll/helmfile,293,73,955,1479836209,1654423505
k3d-io/k3d,149,322,1260,1554204611,1663427690
tenable/terrascan,34,52,1608,1505099181,1668747821
ory/keto,53,70,1283,1521283215,1669371341
docker/cli,159,110,8267,1360804200,1669388507
kubevirt/kubevirt,253,1181,15679,1470925871,1669536768
hashicorp/terraform-provider-azurerm,219,3318,25140,1413246265,1669395329
spacecloud-io/space-cloud,37,143,1573,1549692419,1630823939
arduino/arduino-cli,126,62,2193,1496321906,1669286855
virtual-kubelet/virtual-kubelet,34,56,977,1512415977,1665781002
goodrain/rainbond,44,181,5808,1509937107,1669605024
solo-io/gloo,818,874,2473,1544056252,1669240634
aws/karpenter,69,259,1694,1594336652,1669414451
pdfcpu/pdfcpu,51,65,556,1497771099,1667342068
terraform-linters/tflint,107,66,1870,1476805615,1669298324
openkruise/kruise,26,155,670,1559772228,1669288248
httprunner/httprunner,87,158,3266,1497326069,1668057578
cointop-sh/cointop,52,64,876,1522360944,1661984473
prest/prest,34,80,1802,1479791825,1668431402
siderolabs/talos,229,76,3747,1509751152,1669311908
ktr0731/evans,86,90,607,1500181840,1667276879
anchore/syft,130,243,1166,1588875571,1669242798
werf/werf,1444,79,11992,1453456156,1669126314
distribworks/dkron,113,74,2437,1431205966,1669277298
pomerium/pomerium,96,531,2574,1546460016,1669244368
projectcontour/contour,89,588,3842,1509397328,1668715347
googleapis/google-api-go-client,109,140,2063,1314184531,1669213483
rancher/k3os,78,121,584,1551855280,1651080691
loft-sh/devspace,354,169,5587,1534529924,1669306501
kyverno/kyverno,151,1117,4976,1549297549,1669471345
terraform-docs/terraform-docs,33,99,651,1465749959,1659032311
kubernetes-sigs/aws-load-balancer-controller,38,77,587,1581059932,1669251692
weaveworks/ignite,26,121,1824,1557820599,1666296075
ossf/scorecard,27,203,1634,1602254879,1669602780
CrunchyData/postgres-operator,143,85,3652,1488234104,1669395505
kumahq/kuma,85,151,3438,1552483214,1669307686
digitalocean/doctl,176,78,2218,1410132842,1669056907
opencost/opencost,58,51,3065,1553723345,1669169763
kiali/kiali,278,900,6513,1517621991,1669231477
treeverse/lakeFS,111,455,3638,1568288844,1669574261
semi-technologies/weaviate,140,228,7188,1459350198,1669141622
arp242/goatcounter,26,52,1702,1559026428,1668713664
prysmaticlabs/prysm,129,1035,7498,1438121776,1669575992
karmada-io/karmada,32,434,3250,1605008156,1669620070
rancher/rke,490,259,1945,1508976169,1669220471
open-policy-agent/gatekeeper,71,281,1118,1540587957,1669158695
bufbuild/protoc-gen-validate,47,62,334,1507071627,1667924466
zalando/skipper,1018,87,2156,1433865373,1669371876
getgauge/gauge,70,414,2681,1395648419,1662645290
sigstore/cosign,34,136,1667,1612442981,1669360372
errata-ai/vale,121,91,1356,1486326877,1669236578
smallstep/cli,247,94,2574,1531868777,1668815116
yggdrasil-network/yggdrasil-go,32,159,2253,1514520194,1668979211
coder/coder,83,393,2637,1641235927,1669554394
googleforgames/open-match,33,85,1012,1535027747,1667312986
devtron-labs/devtron,102,305,1444,1603884708,1669616981
tensorflow/models,26,587,8612,1452648877,1669436791
huggingface/transformers,111,596,11418,1540821362,1669421041
psf/requests,144,141,6133,1297622478,1669068361
tiangolo/fastapi,142,247,2562,1543993010,1669619594
keras-team/keras,72,483,7529,1427502942,1669542283
python/cpython,412,19963,115391,650211915,1669618150
ansible/ansible,460,40029,53236,1330024644,1669232655
home-assistant/core,637,266,56353,1379403171,1669617587
scrapy/scrapy,101,270,9467,1241460980,1669543213
Textualize/rich,141,71,3520,1573399690,1668272118
localstack/localstack,57,1135,3820,1471333372,1669399075
commaai/openpilot,68,1083,8082,1579284172,1669420858
pandas-dev/pandas,139,8235,30770,1249052836,1669572641
getsentry/sentry,408,273,48611,1210609579,1669407675
hankcs/HanLP,56,115,1713,1412836630,1581787168
mitmproxy/mitmproxy,50,459,10077,1266293347,1669576036
certbot/certbot,118,846,10599,1337280610,1669061520
sqlmapproject/sqlmap,78,1268,9991,1224085102,1669073300
httpie/httpie,47,129,1738,1330173578,1664622056
tqdm/tqdm,152,422,1928,1382813404,1662202582
encode/django-rest-framework,128,606,8627,1293651477,1669605070
pypa/pipenv,282,479,8116,1484873062,1669566388
explosion/spaCy,120,1421,15706,1404400540,1669614630
littlecodersh/ItChat,34,64,188,1453189788,1537951529
open-mmlab/mmdetection,45,226,2162,1534921567,1669213433
python-poetry/poetry,118,1130,2671,1519163262,1665253326
getredash/redash,299,369,7297,1382685967,1665125103
numpy/numpy,204,5429,30908,1008690310,1669578979
nicolargo/glances,79,475,4527,1322988729,1668967095
streamlit/streamlit,1118,1327,5121,1515543330,1669513315
locustio/locust,89,447,3841,1277048280,1668684237
python-telegram-bot/python-telegram-bot,57,277,2469,1436283039,1669485944
Lightning-AI/lightning,153,2973,8247,1553993158,1669612623
celery/celery,227,1095,12072,1240572600,1669551228
vnpy/vnpy,44,305,6504,1425267418,1667273623
cookiecutter/cookiecutter,29,152,2962,1373827001,1662725050
jumpserver/jumpserver,158,2026,7603,1404446272,1669553378
kovidgoyal/kitty,90,1379,11170,1476428607,1669529802
sanic-org/sanic,76,91,2722,1464237503,1668346324
plotly/dash,79,109,6478,1428630788,1667834004
bokeh/bokeh,103,2424,19880,1332650781,1669344914
saleor/saleor,438,823,20069,1360687599,1669285017
jina-ai/jina,364,534,8053,1581613485,1669417419
matplotlib/matplotlib,115,1581,45023,1052752838,1669503895
mkdocs/mkdocs,38,252,1821,1389394846,1667779053
ungoogled-software/ungoogled-chromium,149,163,2010,1434147864,1669381655
quantopian/zipline,27,77,6226,1326126814,1602693409
ipython/ipython,107,966,26166,1120672352,1668615098
kivy/kivy,41,182,12703,1288818303,1667742680
RasaHQ/rasa,448,1638,30800,1476448069,1669395563
ArchiveBox/ArchiveBox,27,125,2967,1493974215,1669606135
InstaPy/InstaPy,43,211,3332,1474922187,1642644456
huggingface/datasets,64,569,3212,1586853350,1669298917
RaRe-Technologies/gensim,70,250,4393,1251754233,1667483397
fabric/fabric,129,346,1522,1381542700,1657838221
wagtail/wagtail,102,1747,14203,1390393643,1669456742
aio-libs/aiohttp,230,414,8982,1380668574,1669059301
mlflow/mlflow,90,1195,3512,1528214934,1669374858
aws/aws-cli,1858,537,10738,1353023040,1669603484
horovod/horovod,73,254,1271,1502307599,1669061418
pytorch/vision,81,577,3205,1478740260,1669396298
gunthercox/ChatterBot,86,64,1848,1410019093,1622544180
ranger/ranger,48,203,4873,1258386113,1669290491
frappe/erpnext,1026,3304,43696,1307524035,1669620912
netbox-community/netbox,219,2173,10524,1456849383,1669125141
pydantic/pydantic,47,695,1464,1493846621,1669196427
ansible/awx,65,4167,32606,1362060620,1669050670
mindsdb/mindsdb,152,498,8575,1533244052,1669391147
beetbox/beets,39,306,10756,1210728789,1669519039
allenai/allennlp,62,238,2719,1494863562,1669077766
heartexlabs/label-studio,40,103,1877,1560909645,1669320745
redis/redis-py,82,90,2083,1257502601,1669069455
Ciphey/Ciphey,28,87,1885,1563491257,1656426430
nltk/nltk,30,119,14374,983438795,1667641051
dmlc/dgl,28,249,2635,1524235592,1669601134
Chia-Network/chia-blockchain,49,2938,9990,1563265960,1669515736
dask/dask,204,87,7449,1419197180,1669394782
PrefectHQ/prefect,152,325,13394,1626118590,1669600100
iterative/dvc,418,2140,8181,1488615393,1669618766
spotDL/spotify-downloader,63,446,1846,1467828451,1668874048
mwaskom/seaborn,32,172,3084,1340044827,1669488571
python-pillow/Pillow,80,336,14036,1280544061,1669455724
matrix-org/synapse,521,561,21842,1407852652,1669389410
ydataai/pandas-profiling,106,131,1160,1452383118,1669287965
Gallopsled/pwntools,104,358,4116,1367392787,1667752768
encode/httpx,75,141,1217,1554380875,1669377946
wkentaro/labelme,183,130,1266,1317250504,1668928176
pytest-dev/pytest,178,1176,14804,1169648641,1669579796
tweepy/tweepy,30,184,3059,1246821896,1668485919
aws/chalice,86,90,2361,1452032453,1662057833
pyodide/pyodide,60,149,2450,1519413689,1669615044
pre-commit/pre-commit,172,254,2310,1394681119,1669584658
cyrus-and/gdb-dashboard,32,71,393,1441818349,1655219092
falconry/falcon,71,130,1865,1354817871,1669544398
django-cms/django-cms,133,414,16063,1228403888,1669289964
aristocratos/bpytop,69,123,408,1593625342,1646576417
jopohl/urh,91,74,2916,1459539787,1666020553
borgbackup/borg,102,318,7408,1266155058,1669507412
aws/serverless-application-model,59,151,1044,1476135379,1669423218
keras-team/autokeras,56,156,1348,1511133501,1668109813
benoitc/gunicorn,74,132,2931,1259605461,1665860681
microsoft/pyright,361,1214,5510,1552361927,1669423994
ludwig-ai/ludwig,26,125,3063,1547077563,1669618657
qutebrowser/qutebrowser,81,489,23797,1387055716,1669020367
pypa/pip,87,928,13437,1224108177,1669378815
arrow-py/arrow,55,117,1396,1353270168,1668529522
microsoft/DeepSpeed,50,242,1226,1579804520,1669609767
modin-project/modin,61,1027,2069,1529622672,1669588277
secdev/scapy,524,407,6095,1048681573,1669295997
streamlink/streamlink,54,413,4447,1313375842,1669396257
prompt-toolkit/python-prompt-toolkit,57,80,2651,1409393005,1669038052
paramiko/paramiko,175,162,3742,1067934864,1667601160
numba/numba,185,962,23618,1331205308,1669244864
pytube/pytube,109,205,1429,1332099388,1663467427
Nuitka/Nuitka,301,549,10087,1282853868,1669457734
kedro-org/kedro,33,248,2081,1558012252,1669240186
statsmodels/statsmodels,48,1175,14786,1141392369,1669475831
pyro-ppl/pyro,30,312,2362,1497589427,1669149594
boto/boto3,1190,270,4768,1409785943,1669603493
robotframework/robotframework,65,1130,13774,1374456906,1668960899
mopidy/mopidy,79,312,8370,1261578410,1668760242
ActivityWatch/activitywatch,62,174,881,1461770635,1669215146
graphql-python/graphene,56,80,1729,1443085910,1669041605
microsoft/playwright-python,65,73,592,1593617295,1668635945
kornia/kornia,36,235,2221,1534933898,1669417238
spyder-ide/spyder,185,4079,26367,1249807817,1669247975
optuna/optuna,52,440,14506,1515655639,1669255787
pymc-devs/pymc,34,461,9082,1154964149,1669561441
lbryio/lbry-sdk,628,590,9188,1440084435,1668445547
coqui-ai/TTS,35,290,4164,1516614539,1669054119
OctoPrint/OctoPrint,130,793,8501,1323787415,1668606385
doccano/doccano,29,241,3318,1525846205,1669601189
jupyterhub/jupyterhub,65,281,6293,1402615326,1669285600
caronc/apprise,39,111,667,1511633198,1669205618
dylanaraps/pywal,82,56,1086,1497624613,1631157302
hugapi/hug,62,66,2410,1437104031,1597036046
pyeve/eve,37,96,3375,1349769569,1668074066
PaddlePaddle/PaddleNLP,31,110,2856,1612530464,1669621456
xonsh/xonsh,118,1111,10362,1421877853,1669225519
boto/boto,78,311,7220,1156718460,1652476835
jazzband/pip-tools,104,136,1823,1347266962,1669139236
cupy/cupy,124,1282,26133,1428848638,1669277578
marshmallow-code/marshmallow,168,85,3119,1383939375,1668452565
numenta/nupic,70,277,6625,1365203667,1571863507
conan-io/conan,266,875,5874,1448975881,1669371413
tensorpack/tensorpack,37,83,2940,1451084924,1669457602
platformio/platformio-core,121,476,6173,1399628322,1669335638
pallets/werkzeug,66,88,5137,1178300336,1667323386
burnash/gspread,47,91,1188,1322826944,1668641920
spulec/moto,184,312,7165,1360984543,1669587956
angr/angr,95,718,11546,1376626151,1669621014
aws/aws-sam-cli,189,375,1724,1502466141,1669417264
deepset-ai/haystack,34,499,1678,1573728171,1669389921
dbt-labs/dbt-core,139,1126,5697,1457577481,1669146860
googleapis/google-api-python-client,129,111,1534,1271700772,1669506348
docker/docker-py,119,182,3288,1368556466,1668517856
spesmilo/electrum,119,513,15285,1320426037,1669406010
lutris/lutris,75,358,7978,1264172560,1669504418
django-extensions/django-extensions,122,53,3601,1195686288,1662721806
mikf/gallery-dl,129,219,4114,1413142685,1669561782
sktime/sktime,34,573,3166,1542544213,1669549265
dagster-io/dagster,633,745,12137,1525105804,1669569356
gevent/gevent,63,57,5833,1246938915,1667242467
encode/uvicorn,145,78,1088,1496152559,1669582858
OpenNMT/OpenNMT-py,33,77,2673,1472009931,1669199467
chainer/chainer,108,1307,30611,1428848638,1665973080
k4yt3x/video2x,27,146,807,1519490081,1668302087
akfamily/akshare,937,341,6130,1569915123,1669620031
gorakhargosh/watchdog,45,108,1375,1287817799,1665578335
django-oscar/django-oscar,88,195,8836,1291721313,1669193806
librosa/librosa,35,288,3200,1350742861,1669152261
django/channels,62,97,1280,1433351866,1666950437
PyCQA/isort,138,290,3909,1378160573,1653029882
kubernetes-client/python,85,376,1579,1477946081,1669143855
davidhalter/jedi,28,352,8322,1329664725,1669069426
sqlfluff/sqlfluff,80,1058,4773,1540837034,1669470822
wireservice/csvkit,27,136,1796,1301626776,1662654054
pyca/cryptography,73,211,9530,1375842647,1669594753
NVIDIA/NeMo,35,570,4938,1565135103,1669587238
scikit-image/scikit-image,66,639,13332,1250970470,1669579583
instaloader/instaloader,73,198,833,1465987328,1664221131
unit8co/darts,33,189,890,1536851849,1669477065
activeloopai/deeplake,96,113,6504,1565331529,1669570909
sphinx-doc/sphinx,190,152,19746,1185181008,1668371784
StackStorm/st2,70,390,21109,1398214294,1668754671
wandb/wandb,114,300,4895,1487661941,1669242964
conda/conda,275,1191,16129,1350339299,1669113262
hummingbot/hummingbot,74,637,18192,1554241347,1669621825
py-pdf/PyPDF2,51,265,1021,1325257496,1669410766
buildbot/buildbot,163,121,23193,1132979195,1669485035
bridgecrewio/checkov,2520,51,12814,1574847073,1669590104
KevinMusgrave/pytorch-metric-learning,36,61,1002,1571851236,1667344709
miguelgrinberg/Flask-SocketIO,70,102,445,1391930570,1668948279
nccgroup/ScoutSuite,52,283,6101,1386357079,1662365136
oppia/oppia,109,901,14650,1353474490,1669610090
PyCQA/pycodestyle,37,63,1345,1159694692,1669227463
PyCQA/bandit,37,92,1289,1405531431,1666968351
FederatedAI/FATE,32,453,11054,1565859588,1669198745
agronholm/apscheduler,48,110,984,1248803218,1667733519
Tautulli/Tautulli,204,186,4847,1424622770,1667855661
python-attrs/attrs,27,53,1190,1422377597,1669361434
cloud-custodian/cloud-custodian,92,515,3972,1437056355,1669233171
voila-dashboards/voila,82,59,1347,1534861608,1668675861
triton-inference-server/server,49,144,2833,1541454680,1669061218
hhyo/Archery,59,105,1847,1480664528,1669208932
hylang/hy,33,192,3812,1355600896,1669478070
vyperlang/vyper,44,306,5242,1478854618,1669574233
pypa/virtualenv,173,299,615,1578670538,1669614866
mesonbuild/meson,135,548,13145,1356273335,1656694676
jxxghp/nas-tools,196,79,3589,1628064809,1669519991
dortania/OpenCore-Legacy-Patcher,58,563,2105,1606182876,1669391787
bentoml/BentoML,85,295,2106,1554169854,1669338463
Ultimaker/Cura,70,4585,30679,1415631653,1669376484
ThioJoe/YT-Spammer-Purge,108,132,618,1635376886,1666799597
Kinto/kinto,197,249,8515,1418635718,1668527893
frappe/frappe,1031,879,40250,1307523258,1669619549
archlinux/archinstall,52,103,3023,1523030861,1668687078
Tribler/tribler,146,1842,17829,1127227093,1669366380
spec-first/connexion,125,83,1328,1430297147,1667585684
s3tools/s3cmd,35,82,1886,1168430450,1668900116
Mailu/Mailu,44,257,3897,1452461623,1669548343
puppeteer/puppeteer,138,722,3078,1494368173,1669363101
vuejs/vue,287,408,3540,1460342848,1667997592
ant-design/ant-design,593,1740,23859,1430995836,1669616365
microsoft/TypeScript,140,11625,34053,1404778096,1669615609
angular/angular,798,7707,25722,1411056721,1669238920
microsoft/vscode,209,25252,103091,1447421978,1669615300
storybookjs/storybook,1387,4208,45330,1449831241,1669621731
remix-run/react-router,189,589,5647,1399655888,1669575547
sveltejs/svelte,386,793,6891,1479256397,1668089707
coder/code-server,63,854,3450,1549386939,1668450522
nestjs/nest,235,202,11959,1483884581,1668766901
vitejs/vite,286,2064,4971,1587369610,1669552430
apache/echarts,136,1920,8954,1369993554,1669359425
apache/superset,209,1612,12576,1435875419,1669471586
grafana/grafana,348,6993,39218,1359172859,1669622276
pixijs/pixijs,192,1213,6214,1358808050,1669296244
Eugeny/tabby,192,569,5448,1482484013,1669293510
vercel/hyper,116,261,3335,1467352864,1669184947
facebook/docusaurus,147,1664,5390,1499448509,1669297768
facebook/jest,279,1580,6606,1400085721,1668586672
microsoft/playwright,88,682,9348,1573842764,1669325892
ionic-team/ionic-framework,510,1091,12052,1426541032,1669226450
babel/babel,776,3232,15552,1348476525,1669390269
styled-components/styled-components,204,218,3383,1471329693,1668353959
immutable-js/immutable-js,70,75,1696,1401330833,1668698986
ant-design/ant-design-pro,35,868,2451,1503888950,1668842590
vuejs/core,131,614,4607,1537371338,1669405959
nocodb/nocodb,116,344,9645,1509302991,1669564797
vuetifyjs/vuetify,449,3381,11819,1473640846,1669570319
nativefier/nativefier,154,282,1269,1427079079,1667864223
ReactiveX/rxjs,163,191,5038,1426399817,1664232014
jaredpalmer/formik,182,129,1703,1497469673,1641333108
date-fns/date-fns,190,136,1930,1412596643,1666182556
react-hook-form/react-hook-form,627,431,3356,1551839385,1669616733
typeorm/typeorm,86,1176,5113,1456036723,1669055070
TanStack/query,571,72,1812,1568143346,1669618977
NervJS/taro,550,100,8879,1523179947,1669372743
hasura/graphql-engine,167,900,5751,1529847648,1669620904
postcss/postcss,229,74,3823,1378553742,1668992308
niklasvh/html2canvas,50,77,1066,1310778818,1642868864
cheeriojs/cheerio,64,63,2248,1317804437,1669604670
appwrite/appwrite,54,553,13687,1554741386,1669445184
mobxjs/mobx,234,249,3168,1426343498,1669221105
angular/angular-cli,697,2819,9964,1427164088,1669223058
prisma/prisma,144,2714,8701,1556562936,1669489529
JedWatson/react-select,117,474,4212,1409027265,1668564443
akveo/ngx-admin,27,163,543,1491926942,1653046746
vercel/swr,88,74,692,1572286938,1669481491
balena-io/etcher,204,262,3069,1446123672,1669404171
solidjs/solid,275,166,1442,1524628421,1669262529
floating-ui/floating-ui,176,258,1446,1523961601,1669404129
pmndrs/react-spring,221,325,3304,1520437172,1669060040
angular/components,335,6735,10370,1451933402,1669482498
vuejs/devtools,83,122,2060,1411962614,1666099142
doczjs/docz,207,191,1609,1521088802,1663306598
react-native-elements/react-native-elements,99,326,2367,1473352146,1669466530
NativeScript/NativeScript,203,652,7117,1394641618,1669291148
appsmithorg/appsmith,155,6416,11502,1548080388,1669623197
homebridge/homebridge,61,261,1450,1417393971,1669456412
react-bootstrap/react-bootstrap,214,255,4409,1388171245,1669398271
marmelab/react-admin,278,951,15511,1467727232,1669579738
remix-run/remix,508,507,3171,1594322868,1669399821
electron-react-boilerplate/electron-react-boilerplate,64,318,1097,1431942862,1669261836
pmndrs/react-three-fiber,313,66,2277,1551108864,1669562900
youzan/vant,526,906,9243,1482840665,1669527145
lensapp/lens,214,2441,3153,1542004503,1669385997
jhipster/generator-jhipster,235,1523,41478,1382386042,1669622791
pnpm/pnpm,912,853,7898,1453919695,1669599469
recharts/recharts,146,115,1938,1438930227,1667010126
graphql/graphql-js,154,201,3303,1435710661,1669052864
Redocly/redoc,218,177,2504,1443681662,1667241960
refined-github/refined-github,302,2276,3251,1455554729,1669619434
backstage/backstage,226,1320,34057,1579940192,1669405472
Molunerfinn/PicGo,51,157,478,1511828472,1669167760
react-dnd/react-dnd,151,56,2226,1413725368,1650486867
directus/directus,298,2971,9687,1580929352,1669322233
GeekyAnts/NativeBase,285,309,6248,1460539663,1668523975
elastic/kibana,298,17524,58695,1369213929,1669614462
outline/outline,123,866,4620,1456609991,1669590468
alibaba/ice,84,111,2496,1581518773,1669387934
framer/motion,654,621,3581,1542362897,1669296804
fingerprintjs/fingerprintjs,88,51,711,1423644919,1669275608
eclipse-theia/theia,87,1532,6232,1487947326,1669397591
wulkano/Kap,43,118,905,1470857829,1666872556
fullcalendar/fullcalendar,139,513,5865,1239346841,1661291157
teambit/bit,160,656,10959,1478190695,1669548328
airbnb/visx,262,154,3109,1489963679,1668641526
darkreader/darkreader,56,817,6326,1416061372,1669588904
the1812/Bilibili-Evolved,310,315,7023,1531727213,1669548291
nrwl/nx,400,3261,7278,1502374533,1669417175
trpc/trpc,335,88,2608,1595039163,1669594853
redwoodjs/redwood,231,452,7358,1560111539,1669419854
remotion-dev/remotion,287,161,8825,1592941747,1669304176
infinitered/ignite,196,190,2378,1455120367,1669068888
angular-ui/ui-router,72,273,2117,1358541071,1638327016
mattermost/focalboard,86,1150,3222,1602174087,1669395722
chartist-js/chartist,66,64,959,1393363490,1669119153
foambubble/foam,76,172,958,1592586374,1669151382
BuilderIO/qwik,93,314,1501,1613251394,1669455937
conventional-changelog/commitlint,146,81,2198,1455437552,1669045673
signalapp/Signal-Desktop,607,486,8489,1389340085,1665020670
typescript-eslint/typescript-eslint,207,1240,3351,1547401936,1669601810
sindresorhus/got,161,179,1469,1395960035,1669619375
baidu/amis,68,723,8942,1556593885,1669600727
electron-userland/electron-builder,747,508,2697,1432194302,1669572068
nextauthjs/next-auth,205,430,1770,1517056096,1669554257
ajv-validator/ajv,204,125,2657,1432077812,1668468331
facebook/flipper,232,85,7723,1523633886,1669392848
rjsf-team/react-jsonschema-form,158,209,1284,1450278974,1668620527
nexe/nexe,58,151,582,1322335330,1660138236
Chocobozzz/PeerTube,111,741,10704,1446156582,1669623394
squidfunk/mkdocs-material,292,367,4657,1454020035,1669549626
graphile/postgraphile,286,100,1377,1460663251,1669119854
aurelia/framework,93,56,846,1418239349,1661550496
antvis/G2,180,447,277,1644895089,1669616775
TypeStrong/ts-node,139,112,811,1436926277,1659741960
tldraw/tldraw,169,196,1655,1620560910,1668441192
tusen-ai/naive-ui,134,300,7998,1558680093,1669348017
mswjs/msw,154,412,1290,1542117471,1669595427
howdyai/botkit,53,204,3574,1440444777,1649789533
VSCodeVim/Vim,231,900,6371,1447318944,1669226654
highcharts/highcharts,128,5689,25756,1276258653,1669361468
snabbdom/snabbdom,48,55,917,1431203110,1667238592
styleguidist/react-styleguidist,303,180,2169,1441603787,1666073960
ant-design/ant-design-mobile,339,518,7361,1448855273,1669362739
plouc/nivo,134,138,1774,1460778698,1664412055
SigNoz/signoz,73,189,1619,1609675379,1669539549
fkhadra/react-toastify,134,59,1248,1478614003,1667419259
javascript-obfuscator/javascript-obfuscator,216,171,2374,1462781824,1660070387
cyclejs/cyclejs,88,226,3130,1415359894,1647851911
crimx/ext-saladict,191,132,3381,1447994029,1664627523
callstack/react-native-paper,152,152,1715,1476856613,1669505053
botpress/botpress,337,562,13283,1475691526,1669327267
PostHog/posthog,80,1293,9878,1579819587,1669400083
aws/aws-cdk,379,7556,10522,1507144957,1669593685
akveo/react-native-ui-kitten,30,90,816,1464783313,1667570305
FormidableLabs/spectacle,136,122,1215,1435442847,1664574710
antvis/G6,121,241,4117,1528214290,1669360617
logaretm/vee-validate,230,275,4355,1469748394,1668357519
ag-grid/ag-grid,197,158,29625,1419352698,1669511034
gregberge/svgr,65,68,593,1504301941,1669395801
benawad/dogehouse,51,374,5963,1613050774,1621730517
react-page/react-page,514,211,1290,1459778002,1667489927
amplication/amplication,92,863,14116,1582710611,1669120350
vector-im/element-web,421,5843,12078,1433868042,1669220676
James-Yu/LaTeX-Workshop,220,108,4868,1482739379,1669282059
alibaba/formily,217,146,2985,1550715373,1669169744
konvajs/konva,178,63,3386,1330846148,1668655511
alibaba/lowcode-engine,85,61,364,1639985204,1667890851
monkeytypegame/monkeytype,116,640,8397,1589478070,1669546118
payloadcms/payload,366,282,4396,1523673932,1669238504
nextui-org/nextui,63,200,1673,1619096842,1667762334
ionic-team/capacitor,262,62,3906,1511041218,1669217557
NG-ZORRO/ng-zorro-antd,135,432,2296,1502807004,1669603735
graphql/graphql-playground,67,146,1099,1502126073,1651489361
faker-js/faker,62,147,2540,1273884970,1669569136
uber/baseweb,382,1396,3252,1520622848,1669153530
probot/probot,274,88,1653,1474042006,1669245616
wix/react-native-calendars,1345,67,2511,1478866741,1668417021
AmruthPillai/Reactive-Resume,57,181,3581,1585029601,1669396211
ng-bootstrap/ng-bootstrap,131,402,2161,1442345862,1669313045
webdriverio/webdriverio,563,1269,4744,1512243592,1669612577
raineorshine/npm-check-updates,356,238,1929,1378517764,1669154136
shoelace-style/shoelace,110,323,2280,1594848637,1669315155
siyuan-note/siyuan,290,1798,3945,1598779297,1669125292
api-platform/api-platform,89,64,697,1434103131,1668500866
Zettlr/Zettlr,128,706,6228,1514315819,1669558773
akveo/nebular,73,260,2235,1461159132,1668684546
metricsgraphics/metrics-graphics,28,88,1833,1398968753,1654009488
LeetCode-OpenSource/vscode-leetcode,43,66,264,1518355417,1652091742
MichalLytek/type-graphql,41,56,804,1515513519,1667377147
juice-shop/juice-shop,199,203,18355,1411138396,1668273670
gitkraken/vscode-gitlens,182,689,4758,1470667718,1669071854
DylanVann/react-native-fast-image,115,66,575,1492056824,1667180466
angular/angularfire,116,61,985,1452545534,1669152003
ngrx/platform,100,164,1648,1486519007,1669575390
FullHuman/purgecss,48,76,1316,1498921303,1668253001
apify/crawlee,578,174,3440,1472236504,1668767217
rsuite/rsuite,197,207,2749,1465180066,1669358956
visgl/react-map-gl,184,159,946,1444267627,1668463235
electron/fiddle,55,132,1721,1528303264,1668169879
vitest-dev/vitest,274,174,2150,1638547546,1669365849
microsoft/azuredatastudio,141,5506,8675,1509584414,1669277320
software-mansion/react-native-reanimated,79,655,1371,1524648152,1668607547
getsentry/sentry-javascript,396,449,6003,1322544957,1669623615
eclipse/che,276,6682,9337,1455193165,1669223089
sindresorhus/caprine,118,129,906,1442391600,1668594843
mobxjs/mobx-state-tree,106,112,2240,1472113866,1660022138
DouyinFE/semi-design,168,292,1684,1635191574,1669379696
TypeStrong/typedoc,175,588,2171,1400942416,1668384706
vuejs/vitepress,106,316,1111,1587933056,1669560668
ianstormtaylor/superstruct,82,56,932,1511389673,1668722990
kulshekhar/ts-jest,155,113,3905,1472564838,1668586804
midwayjs/midway,426,56,2582,1531889014,1669457489
tensorflow/tensorboard,46,281,5278,1446856078,1669257140
johannesjo/super-productivity,388,406,9026,1483116798,1669376414
react-native-device-info/react-native-device-info,201,65,1261,1442412382,1666319261
angular/flex-layout,193,325,731,1478013630,1668702990
adazzle/react-data-grid,293,172,2291,1425636904,1669214722
reactchartjs/react-chartjs-2,79,69,526,1462572166,1669121753
express-validator/express-validator,116,85,967,1317745458,1666416235
tradingview/lightweight-charts,27,109,1907,1558708910,1667825943
vuejs/vetur,70,249,3995,1477783240,1667303369
x-extends/vxe-table,657,729,2737,1556120600,1669218386
elastic/eui,481,742,4885,1484022474,1669232918
leongersen/noUiSlider,104,96,1038,1321707668,1660760271
Choices-js/Choices,68,113,1261,1458050528,1668719702
serialport/node-serialport,129,64,1629,1283862389,1668717170
mikro-orm/mikro-orm,190,454,3447,1521105670,1669366312
satya164/react-native-tab-view,133,253,720,1466030183,1669574416
react-native-webview/react-native-webview,256,1262,820,1533007308,1669427084
software-mansion/react-native-gesture-handler,76,135,1122,1477557346,1669193241
electron/forge,150,310,2922,1475678522,1669312884
Shopify/polaris,514,564,8403,1466194037,1669411273
react-native-modal/react-native-modal,66,82,537,1474649203,1654225341
elastic/elasticsearch-js,55,138,2021,1371853656,1667491618
google/model-viewer,47,297,1308,1528997373,1669202381
realm/realm-js,362,727,5497,1432857215,1669388189
dilame/instagram-private-api,142,74,1377,1465474382,1644953469
bitwarden/clients,217,503,12227,1449631818,1669583904
wix/react-native-ui-lib,934,274,3677,1486547718,1669538291
logto-io/logto,27,508,2768,1627205957,1669609970
microsoft/vscode-cpptools,184,1970,2493,1459027590,1669251843
thelounge/thelounge,105,1194,7453,1393948583,1669279501
bitcoinjs/bitcoinjs-lib,79,87,2919,1304524976,1666110611
openkraken/kraken,31,375,8642,1577353570,1658909335
testing-library/react-hooks-testing-library,76,70,1188,1541843687,1662760011
gpbl/react-day-picker,203,101,5195,1419786440,1668963266
system-ui/theme-ui,331,68,4491,1554329421,1669407096
danger/danger-js,218,63,2783,1471697827,1668269868
mgechev/angular-seed,62,117,2223,1426981088,1553996087
PlasmoHQ/plasmo,45,83,517,1651491948,1669286289
swimlane/ngx-datatable,152,91,1485,1464722748,1666242685
prettier/prettier-vscode,140,80,1141,1484076894,1665101761
Shopify/react-native-skia,88,83,1950,1636480511,1669556021
altair-graphql/altair,146,61,4965,1490475835,1669553022
remaxjs/remax,283,319,2207,1546878424,1660026812
mockoon/mockoon,31,109,1012,1500297556,1668668290
theintern/intern,149,222,1393,1355377535,1648561146
ng-alain/ng-alain,220,306,741,1502945337,1668932384
ngx-translate/core,96,53,459,1444553055,1636372297
Heroic-Games-Launcher/HeroicGamesLauncher,84,131,1440,1609009084,1669503924
rancher-sandbox/rancher-desktop,27,619,5882,1602520419,1669332810
Automattic/simplenote-electron,145,577,2102,1440234469,1642420101
snyk/cli,1518,62,5824,1446205555,1668785320
sqlectron/sqlectron-gui,54,72,1061,1441480536,1652108500
swimlane/ngx-charts,100,149,1077,1469203122,1663954104
Huachao/vscode-restclient,49,78,909,1459331931,1657038735
NervJS/taro-ui,63,68,1772,1530531693,1665648960
gorhom/react-native-bottom-sheet,119,515,367,1596201180,1664815046
vuejs/composition-api,106,62,626,1560422319,1666600676
hashicorp/terraform-cdk,411,547,4818,1576688013,1669371897
tridactyl/tridactyl,77,417,6524,1486677613,1669203552
johnsoncodehk/volar,408,451,3270,1601560603,1669615855
shanalikhan/code-settings-sync,29,119,740,1450107720,1569243811
vendure-ecommerce/vendure,162,542,3951,1527753178,1669380568
buttercup/buttercup-desktop,142,187,2287,1442087695,1663241395
angular/universal,117,173,2993,1435108064,1669510395
vega/vega-lite,230,803,9746,1416516725,1669622562
stream-labs/desktop,1700,86,6857,1509059164,1669326354
nteract/hydrogen,151,165,2368,1431306821,1669066485
sanity-io/sanity,641,125,11885,1456662284,1669367184
meetalva/alva,84,72,1329,1510780611,1562576621
compodoc/compodoc,84,603,2549,1476688168,1664982936
vscode-icons/vscode-icons,100,95,2046,1464650678,1666542082
Uniswap/interface,447,547,3581,1509177327,1669310636
react-native-async-storage/async-storage,75,107,393,1427363886,1668584052
firebase/firebase-tools,288,543,3849,1387824784,1669063616
concrete-utopia/utopia,416,106,2057,1590615848,1669390379
arco-design/arco-design,55,391,930,1635136130,1669374139
WorldBrain/Memex,34,58,9188,1484261661,1669616569
bitpay/wallet,364,232,20078,1394821077,1658928679
gajus/slonik,355,52,1092,1490352327,1668357297
lingui/js-lingui,99,155,1987,1484298148,1667843564
vscode-neovim/vscode-neovim,72,133,711,1572482838,1668296005
0xfe/vexflow,102,83,3766,1280847354,1669585296
geist-org/geist-ui,170,143,958,1584551689,1666898337
surveyjs/survey-library,386,1238,9109,1439540681,1669384723
hedgedoc/hedgedoc,40,269,4126,1589463698,1669579049
bqplot/bqplot,103,101,3545,1418425922,1664463850
Splidejs/splide,75,110,661,1564043783,1668007679
reactjs/react-docgen,75,60,1102,1423593950,1669504930
ngxs/store,30,81,1762,1518548144,1669408508
dubzzz/fast-check,158,72,3592,1509406872,1669582716
JamesIves/github-pages-deploy-action,91,55,1273,1551542690,1668779353
retorquere/zotero-better-bibtex,931,535,8690,1499932923,1669416246
blacksmithgu/obsidian-dataview,125,257,630,1610515427,1668775033
bubkoo/html-to-image,52,98,323,1512379755,1666839761
photoview/photoview,27,95,1160,1562279792,1669581130
stoplightio/prism,200,166,1806,1538988063,1668704871
BoostIO/BoostNote-App,86,74,4687,1479566188,1661886916
ant-galaxy/oasis-engine,196,373,1284,1607414858,1669360920
petyosi/react-virtuoso,201,233,421,1606066825,1669186500
meliorence/react-native-render-html,98,153,1358,1480416691,1666222158
ng-select/ng-select,239,102,1063,1499014028,1669375420
jitsucom/jitsu,183,57,4533,1596553077,1669028789
antvis/L7,187,164,4873,1540294362,1669607499
palantir/plottable,194,1200,10096,1390418959,1647437165
alixaxel/chrome-aws-lambda,62,80,238,1521757866,1632518979
aimhubio/aim,148,229,1967,1559327107,1669481975
thecodingmachine/workadventure,102,221,5731,1585918581,1669125336
codesandbox/sandpack,246,57,746,1613721990,1669022352
LiskHQ/lisk-sdk,278,1183,32764,1452516967,1669381504
oliverschwendener/ueli,91,127,2103,1476161993,1667373311
dolanmiu/docx,60,57,3011,1459035837,1669494752
davidjerleke/embla-carousel,194,92,1153,1552934128,1667897661
tagspaces/tagspaces,230,51,7089,1353690409,1669568199
garden-io/garden,233,271,3879,1512267059,1669392394
erxes/erxes,94,298,15261,1478847729,1669008836
googlemaps/google-maps-services-js,102,66,822,1445556895,1669068227
FrDH/mmenu-js,175,72,687,1382447965,1668964628
WebThingsIO/gateway,26,228,3068,1488993762,1668711224
actions/setup-node,41,95,318,1564883394,1668692620
lokalise/i18n-ally,294,184,1683,1542179471,1662629074
open-wa/wa-automate-nodejs,682,58,4246,1559759727,1669502794
mattlewis92/angular-calendar,149,83,1841,1461683973,1667663164
Tinkoff/taiga-ui,132,406,2475,1601050766,1669624158
sequelize/sequelize-typescript,86,59,1077,1442776655,1667993183
software-mansion/react-native-screens,100,62,798,1533296049,1668779647
scullyio/scully,50,221,957,1576176408,1664293727
microsoft/vscode-react-native,90,235,1836,1453324207,1669364654
sharkdp/bat,38,228,2523,1524307903,1668889106
starship/starship,126,761,2451,1554175383,1669603660
alacritty/alacritty,79,628,2046,1456071341,1669601179
meilisearch/meilisearch,158,313,4482,1524405274,1669285058
denoland/deno,210,1272,8266,1526268721,1669573508
rust-lang/rust,94,8132,211465,1276723845,1669605418
sharkdp/fd,33,85,1167,1494365230,1669061948
yewstack/yew,31,259,2309,1513433967,1669510263
nushell/nushell,64,564,6287,1557507552,1669605186
swc-project/swc,303,1306,6240,1513947096,1669622099
firecracker-microvm/firecracker,58,312,3724,1508739706,1668524977
dani-garcia/vaultwarden,45,93,2084,1518220855,1669582930
SergioBenitez/Rocket,59,56,2141,1457378884,1668300226
vercel/turbo,180,110,3208,1566440014,1669426083
facebook/relay,80,99,8589,1439320043,1669241127
surrealdb/surrealdb,40,76,1916,1454197000,1669578144
denisidoro/navi,76,102,724,1568986738,1668543960
wasmerio/wasmer,68,479,12727,1539286176,1669579380
tikv/tikv,182,1678,6871,1452142924,1669614360
vectordotdev/vector,67,1430,8581,1536864291,1669393403
extrawurst/gitui,45,148,1806,1584294135,1669594443
tree-sitter/tree-sitter,59,112,4046,1383718519,1668572923
hyperium/hyper,199,139,2552,1409433508,1668725457
clap-rs/clap,225,539,6762,1424871393,1669311615
bytecodealliance/wasmtime,58,285,10568,1452645287,1669598308
getzola/zola,42,156,1916,1481003493,1669374093
diesel-rs/diesel,69,157,4965,1440885557,1669620076
fdehau/tui-rs,36,57,543,1476035213,1660485482
zellij-org/zellij,42,351,2168,1594645485,1669223776
Schniz/fnm,59,88,555,1547398559,1669190783
rust-lang/cargo,75,1242,13036,1393974978,1669564817
qarmin/czkawka,31,98,548,1598433436,1669405107
Canop/broot,143,61,1346,1542312559,1668588907
Peltoche/lsd,45,125,970,1542026021,1669523181
rust-lang/rust-clippy,143,1381,15643,1416383446,1669575786
microsoft/windows-rs,41,138,1022,1568307806,1669477219
launchbadge/sqlx,39,96,2133,1559826175,1663708252
quickwit-oss/tantivy,33,110,2757,1452398452,1669623324
bottlerocket-os/bottlerocket,52,120,4650,1554334142,1669565238
volta-cli/volta,58,52,2517,1506370387,1668955489
LemmyNet/lemmy,387,375,3854,1550164638,1669384918
espanso/espanso,45,326,1285,1567149418,1667292872
PyO3/pyo3,70,168,4885,1420473953,1669279930
paritytech/polkadot,343,110,3645,1518096570,1669559639
serde-rs/serde,242,125,3409,1400249702,1669600698
hyperium/tonic,27,52,628,1565373687,1668633239
messense/aliyundrive-webdav,98,95,622,1629289148,1669537362
ClementTsang/bottom,36,105,1569,1567035810,1669613218
rustwasm/wasm-bindgen,84,310,3411,1513308661,1669592158
rust-lang/rustup,56,353,3823,1443243436,1666877318
mimblewimble/grin,60,353,2506,1477008372,1666354659
datafuselabs/databend,603,1172,21805,1602325961,1669621758
rust-lang/rustfmt,83,749,5279,1422238597,1667709596
MaterializeInc/materialize,207,1302,21504,1512464522,1669612553
gleam-lang/gleam,91,224,4113,1467322356,1669310622
cross-rs/cross,29,176,1535,1482691695,1669573981
libreddit/libreddit,96,115,813,1603657559,1669589851
seed-rs/seed,29,52,1088,1543677622,1656760158
watchexec/watchexec,105,52,1124,1473859859,1669332338
racer-rust/racer,62,60,1849,1393965792,1649436284
epi052/feroxbuster,64,70,1475,1598110580,1668639182
image-rs/image,30,98,2991,1401017947,1669391425
hrkfdn/ncspot,37,97,975,1541890860,1669319543
Nukesor/pueue,57,62,1439,1519846963,1669394131
cloudflare/wrangler,79,270,2765,1552322752,1665249637
serenity-rs/serenity,86,159,2707,1474300803,1669396954
charliermarsh/ruff,124,78,933,1660065559,1669614020
qdrant/qdrant,35,56,1023,1590874538,1669384402
glium/glium,60,74,3037,1412356734,1668802944
rust-lang/rust-bindgen,94,146,3280,1330494424,1669306628
rust-windowing/winit,36,263,2765,1406451337,1669584494
immunant/c2rust,27,85,6662,1498151391,1669229803
stacks-network/stacks-blockchain,161,278,17125,1421882583,1666660265
gluon-lang/gluon,40,52,3894,1406923588,1666697877
kata-containers/kata-containers,85,1025,9644,1471561921,1669399742
Findomain/Findomain,92,53,874,1555267135,1669402491
bluejekyll/trust-dns,54,92,2308,1439002032,1669134978
microsoft/onefuzz,90,181,1648,1595888612,1669385082
rust-lang/regex,94,60,1173,1418330321,1667669707
greshake/i3status-rust,34,218,2964,1492272091,1668668065
habitat-sh/habitat,894,1167,16760,1432332955,1669142414
rhaiscript/rhai,59,62,3720,1456782225,1669355951
soywod/himalaya,26,64,388,1608767757,1665586803
sigp/lighthouse,74,160,4701,1530863647,1669246712
metalbear-co/mirrord,73,55,513,1643733625,1669214911
awslabs/aws-sdk-rust,45,78,583,1618249046,1668110274
near/nearcore,154,400,4948,1538519440,1669421058
xd009642/tarpaulin,80,52,1883,1491579422,1669371404
sagiegurari/cargo-make,244,73,1768,1498220847,1669456854
kube-rs/kube,72,81,2115,1539269635,1668938033
google/autocxx,44,98,2703,1597067800,1667946166
sycamore-rs/sycamore,30,95,476,1614973706,1669507444
teloxide/teloxide,27,69,4021,1567356392,1669187815
rkyv/rkyv,62,51,659,1604258536,1668471289
PyO3/maturin,245,83,2468,1532209061,1669608343
infinyon/fluvio,81,189,1597,1567569326,1669613474
Zokrates/ZoKrates,53,51,4349,1485540539,1669107067
influxdata/influxdb,401,1605,35226,1365690807,1669227490
hannobraun/Fornjot,27,53,9807,1596129650,1669445764
starcoinorg/starcoin,95,151,3646,1580741314,1669098255
railwayapp/nixpacks,112,52,972,1648323286,1669244006
denoland/deno,210,1272,8266,1526268721,1669573508
exonum/exonum,26,55,5657,1461572773,1665562527
apache/arrow-rs,44,382,4349,1454702915,1669584047
rune-rs/rune,32,89,1005,1595707403,1666087033
shadow/shadow,41,284,6705,1305623028,1669258718
nervosnetwork/ckb,174,52,7646,1516770693,1669624356
occlum/occlum,49,63,1147,1530250999,1669254819
ajour/ajour,76,90,2280,1593106386,1667551303
netdata/netdata,65,2236,14668,1371494350,1669421764
obsproject/obs-studio,173,1604,11993,1380595033,1669587562
redis/redis,240,128,11491,1237714200,1669624661
emscripten-core/emscripten,401,286,24887,1282793928,1669593006
arendst/Tasmota,99,488,17078,1485610628,1669621949
facebook/zstd,49,111,9760,1422061096,1669130625
radareorg/radare2,98,85,29393,1233868126,1669430818
koekeishiya/yabai,51,134,1213,1556982860,1666681853
allinurl/goaccess,36,155,3901,1278696493,1669300963
micropython/micropython,32,269,14332,1380912791,1669486320
timescale/timescaledb,92,828,3708,1476839811,1669306776
Foundry376/Mailspring,58,816,7449,1423009471,1669045352
openwrt/openwrt,54,96,55834,1080432967,1669552411
HandBrake/HandBrake,50,621,11484,1137242818,1669572955
lvgl/lvgl,44,105,8416,1465363508,1669375334
davatorium/rofi,37,263,3783,1340989636,1669368514
haiwen/seafile,259,67,2252,1343389662,1667098498
h2o/h2o,71,64,10775,1403590505,1667270583
espressif/arduino-esp32,40,53,1934,1475734151,1669378857
libgit2/libgit2,95,111,14729,1225472249,1669211827
sandboxie-plus/Sandboxie,108,134,2520,1586424398,1669599149
microsoft/react-native-code-push,97,169,1739,1433310988,1663249263
ImageMagick/ImageMagick,332,572,20617,1252187254,1669573064
libvips/libvips,87,363,8100,1188404630,1669625473
jemalloc/jemalloc,46,175,3316,1245697722,1663632355
RT-Thread/rt-thread,36,117,14318,1234399653,1669386041
citusdata/citus,132,843,6252,1455156332,1669371393
yugabyte/yugabyte-db,130,2029,15543,1454634136,1669612536
xmrig/xmrig,153,350,3244,1492236128,1666521864
libretro/RetroArch,101,715,61573,1434044555,1669594333
catboost/catboost,63,100,25352,1500356001,1669625238
zephyrproject-rtos/zephyr,131,13273,72512,1428709477,1669513581
eclipse/mosquitto,61,286,2883,1399369620,1660662308
chrismaltby/gb-studio,30,116,4337,1548342893,1667563128
pwn20wndstuff/Undecimus,137,918,751,1535534907,1562960999
edenhill/librdkafka,267,252,4228,1348049640,1669382907
betaflight/betaflight,225,1938,17877,1329385198,1669616713
VirusTotal/yara,42,83,2962,1222457170,1668555539
xmake-io/xmake,56,497,10383,1429760052,1669473988
pygame/pygame,56,631,8251,973642771,1669282168
greenplum-db/gpdb,164,429,64920,836893355,1641529932
wazuh/wazuh,83,1760,26571,1127488204,1669361596
ZipArchive/ZipArchive,100,62,742,1279753538,1661125863
ponylang/ponyc,112,110,6768,1352460622,1669559741
xianyi/OpenBLAS,50,126,6818,1295880864,1669239486
AdAway/AdAway,55,491,3656,1308389784,1663348537
cmus/cmus,56,71,2224,1117995651,1666275089
google-ar/arcore-android-sdk,40,255,41,1503088929,1665612648
dokan-dev/dokany,52,84,1611,1418214571,1668866267
netblue30/firejail,58,441,8847,1439072744,1669620286
htop-dev/htop,36,146,2721,1141496209,1668689471
kubeshark/kubeshark,498,101,1252,1618828196,1669513083
CTCaer/hekate,39,56,1333,1520385106,1665609368
mgba-emu/mgba,30,230,7791,1365052335,1669626059
fluent/fluent-bit,195,313,8981,1398289291,1669401772
flipperdevices/flipperzero-firmware,163,112,1610,1596231801,1669227173
Netflix/dynomite,62,76,1600,1329929589,1664824537
RediSearch/RediSearch,154,229,4062,1460485735,1668955359
lc-soft/LCUI,28,60,3391,1344064398,1649572331
gluster/glusterfs,477,605,16708,1140224893,1668352500
ossec/ossec-hids,26,162,5848,1127488204,1642433343
nesbox/TIC-80,36,240,2248,1467622790,1665047973
LuaJIT/LuaJIT,26,168,2614,1260297995,1669559771
flatpak/flatpak,165,177,7141,1418821544,1662969381
SanderMertens/flecs,30,241,3646,1535262775,1669588532
microsoft/msquic,31,404,2154,1572063025,1669487162
libjpeg-turbo/libjpeg-turbo,39,155,2341,1148533315,1669092106
stellar/stellar-core,150,250,8161,1416849268,1669166731
nanomsg/nng,28,90,1593,1481436728,1666140949
Dav1dde/glad,29,81,495,1375095253,1666945456
nginx/unit,48,55,2149,1484672400,1669302414
schwabe/ics-openvpn,192,301,1843,1334596874,1667324228
janet-lang/janet,60,71,3602,1486670579,1669565701
irssi/irssi,71,104,6671,936368849,1669471790
WizTeam/WizQTClient,38,58,3466,1328845543,1614903331
pipelinedb/pipelinedb,57,276,1023,1436291716,1556739162
dankamongmen/notcurses,137,881,8358,1573958305,1664873983
cleanflight/cleanflight,34,173,16589,1329385198,1599593949
geany/geany,45,111,9957,1132660290,1668502697
ElementsProject/lightning,95,278,12218,1432615092,1669398605
iNavFlight/inav,61,582,13178,1329385198,1669551820
vifm/vifm,31,142,12232,1232580611,1669058765
Legrandin/pycryptodome,93,53,2700,913601988,1658957860
signalwire/freeswitch,130,658,35478,1383063339,1668634296
ExpressLRS/ExpressLRS,40,201,1444,1538385971,1668856989
openmv/openmv,47,69,5156,1384338296,1669572020
fwupd/fwupd,125,892,8069,1424956020,1668516600
InfiniTimeOrg/InfiniTime,45,129,1873,1574020024,1669203688
mydumper/mydumper,38,185,1403,1233447200,1669418596
wolfSSL/wolfssl,115,67,18612,1296933287,1669374989
RedisGraph/RedisGraph,129,550,1507,1519250386,1669208424
rspamd/rspamd,134,472,19944,1210259130,1669590595
rsyslog/rsyslog,383,1040,15220,1099921956,1669110602
Snaipe/Criterion,29,68,1488,1422708312,1656876687
d0k3/GodMode9,45,99,1513,1453485630,1669623176
Lora-net/LoRaMac-node,27,62,1895,1391005224,1669281486
open-mpi/ompi,189,3349,33328,1069519018,1669580234
mborgerson/xemu,91,285,90399,1045608936,1664767985
strongswan/strongswan,258,81,18462,1131002296,1668095630
microsoft/terminal,104,2939,3350,1502494553,1669238016
tensorflow/tensorflow,187,9672,139273,1446856078,1669626251
electron/electron,2057,4922,26925,1363201925,1669193556
tesseract-ocr/tesseract,43,145,6115,1173211647,1669617920
protocolbuffers/protobuf,148,587,10412,1215655940,1669264796
opencv/opencv,115,3090,32427,1273599840,1669416439
bitcoin/bitcoin,244,2621,35897,1251603999,1669626780
godotengine/godot,32,30563,49162,1365583024,1669621652
grpc/grpc,229,3307,52236,1416615376,1669295356
nlohmann/json,55,602,4497,1372927743,1664704539
dmlc/xgboost,32,133,6039,1391707683,1669532334
rethinkdb/rethinkdb,124,840,33513,1254610058,1667326817
facebook/rocksdb,132,132,11637,1299087437,1669242434
ClickHouse/ClickHouse,1543,5249,101994,1228129846,1669625597
RedisInsight/RedisDesktopManager,53,496,2162,1375689068,1667397121
mozilla/DeepSpeech,108,135,3466,1456139317,1637171572
taichi-dev/taichi,111,620,9758,1479982284,1669617754
envoyproxy/envoy,93,1139,12761,1470668845,1669621017
fish-shell/fish-shell,54,1192,16495,1127222799,1669611000
flameshot-org/flameshot,47,464,1858,1494445491,1668688133
aseprite/aseprite,110,806,8765,1190159822,1668718217
telegramdesktop/tdesktop,593,1510,13733,1399034191,1669485590
google/mediapipe,45,134,659,1560726205,1669536308
osquery/osquery,123,1331,6224,1406766919,1669144264
apache/mxnet,46,1087,11893,1430410875,1664194506
PaddlePaddle/Paddle,65,609,38731,1472481173,1669626974
notepad-plus-plus/notepad-plus-plus,168,449,4913,1186448150,1668989011
swoole/swoole-src,203,208,12593,1342878599,1669429297
ethereum/solidity,102,1125,22977,1388712439,1669404573
trojan-gfw/trojan,43,142,466,1508036663,1604872257
simdjson/simdjson,48,110,2439,1521766158,1669219188
sqlitebrowser/sqlitebrowser,30,468,3785,1060895504,1669339870
catchorg/Catch2,118,296,4190,1289345040,1669130238
uNetworking/uWebSockets,127,74,939,1525617806,1669444561
dogecoin/dogecoin,30,101,14211,1251603999,1658184840
keepassxreboot/keepassxc,46,2251,4404,1281186644,1668949323
esp8266/Arduino,34,398,4289,1416037508,1669235636
google/filament,115,344,5386,1533317902,1669078717
microsoft/LightGBM,28,186,3126,1470377161,1669558144
Qv2ray/Qv2ray,62,448,3059,1554910252,1667569174
microsoft/AirSim,36,283,3560,1487033550,1658384169
MarlinFirmware/Marlin,54,4699,18943,1313180617,1669611126
arangodb/arangodb,533,2227,49428,1319611369,1669402421
polybar/polybar,106,218,2136,1463668866,1667647268
rizinorg/cutter,38,291,2403,1490722032,1669387990
apple/foundationdb,149,182,24074,1495745324,1669378593
RPCS3/rpcs3,57,1509,14397,1351955778,1669586131
OpenRCT2/OpenRCT2,30,2144,24114,1396395115,1669608112
ceph/ceph,246,12447,134990,988496555,1669615266
Aircoookie/WLED,36,482,3214,1473628038,1669503415
aristocratos/btop,44,118,657,1620325923,1667770594
zerotier/ZeroTierOne,90,191,5887,1372971379,1667333332
symless/synergy-core,326,957,4160,989754029,1665828190
mapeditor/tiled,88,398,6260,1210011553,1669493280
Studio3T/robomongo,47,182,2559,1352296429,1663855772
carla-simulator/carla,47,327,5440,1488540266,1664407127
AaronFeng753/Waifu2x-Extension-GUI,264,71,2197,1579514489,1669470244
sass/node-sass,193,188,2539,1328050309,1667987792
microsoft/wslg,44,248,181,1593194096,1669163290
minetest/minetest,41,4159,10425,1290812541,1669582510
opencv/opencv,115,3090,32427,1273599840,1669416439
skypjack/entt,41,57,3906,1490372436,1667992450
duckdb/duckdb,29,192,20968,1531484964,1669624371
PCSX2/pcsx2,1660,825,15756,1226013888,1669492376
Tencent/Hippy,97,352,1682,1576820718,1669623741
NixOS/nix,66,814,12989,1047475944,1669552226
open-source-parsers/jsoncpp,50,71,1389,1173996274,1657835857
albertlauncher/albert,78,84,1364,1406297346,1665213784
IntelRealSense/librealsense,127,255,13919,1437280330,1666365302
neutralinojs/neutralinojs,41,64,1402,1529724642,1669392907
LMMS/lmms,61,967,7701,1127396992,1668874604
PX4/PX4-Autopilot,127,2553,41613,1324322649,1669292723
bblanchon/ArduinoJson,96,193,1598,1389369312,1669484065
brndnmtthws/conky,48,54,3878,1121819440,1668454998
SpiderLabs/ModSecurity,97,80,3148,1170764962,1668961875
tensorflow/serving,99,99,7499,1455239754,1669245685
hluk/CopyQ,106,479,5963,1256132184,1669488496
canonical/multipass,75,534,5939,1512151602,1669283106
uNetworking/uWebSockets,127,74,939,1525617806,1669444561
redpanda-data/redpanda,241,1562,18119,1548696976,1669623719
Project-OSRM/osrm-backend,242,726,8520,1278661966,1668629394
sysown/proxysql,162,193,5051,1417410301,1669026402
rapidsai/cudf,79,2965,35957,1490914716,1669231101
finos/perspective,139,363,5370,1509640075,1669413126
mumble-voip/mumble,47,494,10264,1125522861,1669579240
versatica/mediasoup,244,218,2965,1418392179,1669033402
MaaAssistantArknights/MaaAssistantArknights,212,1214,4961,1625900530,1669389827
zeek/zeek,101,396,14144,1285645350,1669250314
tstack/lnav,35,94,2700,1252890452,1668107519
includeos/IncludeOS,43,103,10826,1404721663,1589226371
zcash/zcash,120,550,16984,1251603999,1669387171
OpenTTD/OpenTTD,192,250,26609,1092071048,1669595277
Stellarium/stellarium,37,363,21461,1026495308,1669614255
NVIDIA/thrust,60,197,4607,1233358376,1669401823
qTox/qTox,38,1325,8294,1403640671,1663318529
sass/libsass,56,893,4194,1328050309,1662748863
XRPLF/rippled,108,64,12723,1318617546,1665533593
WasmEdge/WasmEdge,61,66,2419,1561451944,1668752913
nghttp2/nghttp2,112,98,7128,1326815592,1669284351
NVIDIA/DALI,146,249,2873,1527891482,1669446587
wesnoth/wesnoth,218,1461,81410,1063626761,1669616224
gnuradio/gnuradio,142,694,15200,1154580711,1668163025
fireice-uk/xmr-stak,36,201,1457,1483361021,1575314564
hyprwm/Hyprland,41,464,2110,1647460142,1669588942
arrayfire/arrayfire,30,332,5923,1406303525,1669415436
Oneflow-Inc/oneflow,29,1437,8953,1486967727,1669622339
mamba-org/mamba,93,66,2288,1552333602,1669625177
endless-sky/endless-sky,36,886,7218,1391283750,1669591852
TigerVNC/tigervnc,34,159,4593,1206019822,1667823447
MultiMC/Launcher,41,883,3055,1357755742,1668956345
StarRocks/starrocks,92,2171,5737,1630758799,1669625065
blynkkk/blynk-library,36,82,1894,1423579217,1666982632
OSGeo/gdal,144,151,49638,908652276,1669558802
NatronGitHub/Natron,67,162,14423,1367874000,1669520720
cocos/cocos-engine,70,300,19366,1449289361,1669606227
wang-bin/QtAV,35,156,3597,1351480001,1645881575
clementine-player/Clementine,491,2292,8209,1261682167,1669171962
TheAssassin/AppImageLauncher,37,122,1244,1521474178,1662648051
mapnik/mapnik,65,80,13700,1108750483,1669483637
ThePhD/sol2,95,251,2335,1382029850,1668036176
facontidavide/PlotJuggler,132,55,2050,1456866342,1666801393
LibreCAD/LibreCAD,45,87,4797,1281961943,1667593426
obsproject/obs-websocket,28,63,747,1615204603,1668767369
microsoft/WindowsAppSDK,45,209,968,1586989018,1669236412
cubefs/cubefs,39,170,2147,1550546106,1667440205
rapidsai/cuml,65,926,14916,1539021054,1669131343
slic3r/Slic3r,55,298,6387,1314903988,1666966704
Xaymar/obs-StreamFX,72,133,1538,1498684850,1669625642
GothenburgBitFactory/taskwarrior,48,1137,11454,1208656470,1669352916
Alexays/Waybar,49,197,2307,1533765217,1669617828
actor-framework/actor-framework,48,535,7135,1299251020,1667550535
xoseperez/espurna,61,413,4022,1463748884,1669364851
trapexit/mergerfs,82,79,1061,1395675801,1669609793
xtensor-stack/xtensor,114,129,3244,1468269984,1667307440
giuspen/cherrytree,124,91,3626,1290110637,1669323626
google/earthenterprise,106,184,1778,1490056549,1625253041
pgmodeler/pgmodeler,81,305,4841,1345766369,1669378955
doublesymmetry/react-native-track-player,78,523,881,1489695520,1669131398
node-webrtc/node-webrtc,56,56,1121,1372788989,1623052061
CloudCompare/CloudCompare,30,242,4647,1352235085,1669326369
microsoft/bond,28,83,1413,1420777869,1663114150
Warzone2100/warzone2100,73,457,18392,1106023505,1667730718
RobotLocomotion/drake,45,895,30062,1280810975,1669222489
jolibrain/deepdetect,26,111,3198,1415193303,1669135660
defold/defold,241,768,20921,1236521063,1669627698
mavlink/qgroundcontrol,81,154,18381,1270282471,1669411707
stan-dev/stan,61,334,15826,1317347852,1669208942
subsurface/subsurface,82,424,19380,1314573533,1668551673
DS-Homebrew/TWiLightMenu,233,360,5073,1494049226,1669589520
crankyoldgit/IRremoteESP8266,62,280,1111,1433693265,1669282084
picotorrent/picotorrent,31,148,1497,1442848170,1628376007
gqrx-sdr/gqrx,34,151,2279,1288302467,1668179288
manticoresoftware/manticoresearch,39,219,9064,1069226031,1669358842
nextcloud/desktop,185,1199,18448,1204135007,1669606330
valhalla/valhalla,71,169,13725,1416341305,1669419916
PurpleI2P/i2pd,61,86,7154,1378048168,1669587273
ispc/ispc,48,131,5625,1308662609,1668010081
randombit/botan,159,63,14028,1147977199,1669384630
trustwallet/wallet-core,186,334,1107,1550170638,1669366615
texstudio-org/texstudio,132,74,10249,1232023467,1669578710
appleseedhq/appleseed,49,179,11151,1278178063,1646071173
nRF24/RF24,28,56,908,1300505554,1663514172
LeelaChessZero/lc0,75,59,1396,1523089412,1669278844
steemit/steem,97,84,5577,1458692223,1655447979
FISCO-BCOS/FISCO-BCOS,40,71,7621,1534816888,1669204914
crawl/crawl,125,110,65571,1155434174,1669499845
opentx/opentx,70,1336,15159,1315387067,1669031197
apache/incubator-kvrocks,59,107,896,1565874611,1669478281
ReactiveX/RxJava,254,730,6012,1332058072,1669402027
spring-projects/spring-framework,247,4626,25822,1215727224,1669477683
spring-projects/spring-boot,253,3420,40717,1350842032,1669311203
elastic/elasticsearch,351,61,66613,1265635347,1669627396
PhilJay/MPAndroidChart,44,60,2070,1398436187,1624281418
airbnb/lottie-android,100,327,1461,1471034634,1669445498
skylot/jadx,26,366,1872,1363626263,1668520428
bumptech/glide,44,423,2757,1356038814,1669078783
Blankj/AndroidUtilCode,117,166,1430,1469905022,1666798540
alibaba/druid,85,325,6722,1305077615,1668415454
dbeaver/dbeaver,174,6124,23560,1349249067,1669562028
alibaba/easyexcel,42,515,908,1517886848,1668595972
alibaba/fastjson,134,231,3976,1312113809,1668259204
alibaba/nacos,51,650,4415,1532104043,1669598880
dromara/hutool,124,333,4289,1565748152,1668646889
Netflix/Hystrix,120,95,2109,1332058072,1542666036
halo-dev/halo,97,523,2344,1516529306,1669616776
libgdx/libgdx,40,412,15190,1267891245,1669216323
TeamNewPipe/NewPipe,125,2181,10351,1441325703,1669494792
apache/skywalking,42,1657,7375,1446867037,1669460226
alibaba/Sentinel,26,95,776,1532332265,1669384346
seata/seata,33,350,1568,1547003620,1669600209
bazelbuild/bazel,183,5177,34158,1424879120,1669628130
facebook/fresco,46,261,3413,1427167711,1669059042
apache/shardingsphere,50,1439,36544,1453121366,1669627298
iBotPeaches/Apktool,39,167,1913,1268394476,1669306071
Tencent/tinker,68,59,815,1474465175,1667234161
openzipkin/zipkin,195,222,2702,1339007314,1665003133
material-components/material-components-android,67,1363,4909,1481331995,1669236139
OpenAPITools/openapi-generator,70,3305,17943,1309963516,1669455590
keycloak/keycloak,172,1537,15006,1372772331,1669375423
mockito/mockito,608,85,5823,1195122595,1669495066
arduino/Arduino,65,915,7375,1125003988,1667072182
elastic/logstash,298,1388,10321,1249434083,1669198251
thingsboard/thingsboard,34,531,11932,1480585095,1669398881
GoogleContainerTools/jib,168,396,2227,1500899739,1669131240
pinpoint-apm/pinpoint,54,563,12748,1340084225,1669617260
apache/pulsar,155,3949,10887,1473225037,1669622012
codecentric/spring-boot-admin,89,307,1911,1401880748,1667053145
realm/realm-java,182,896,8903,1334913522,1664386014
quarkusio/quarkus,206,6622,34369,1529647528,1669626841
lingochamp/FileDownloader,67,88,834,1450283653,1573196632
neo4j/neo4j,370,1881,75285,1179970485,1666970759
grpc/grpc-java,131,347,5617,1399394516,1669165743
questdb/questdb,59,388,3852,1398727755,1669387879
react-native-camera/react-native-camera,190,311,1699,1427849681,1641223370
koral--/android-gif-drawable,57,124,1144,1359509866,1661793927
apache/dolphinscheduler,36,3063,7497,1551458365,1669611526
stanfordnlp/CoreNLP,26,78,16954,1372369448,1661831919
Activiti/Activiti,174,173,10906,1276864438,1669197755
metersphere/metersphere,121,3310,14188,1580695573,1669624577
airbytehq/airbyte,346,1966,8741,1595918359,1669393507
OpenFeign/feign,105,105,1197,1332058072,1669515900
resilience4j/resilience4j,37,57,1430,1433323321,1669622898
cryptomator/cryptomator,140,712,4025,1391301827,1669065006
dropwizard/dropwizard,218,269,6737,1304992545,1668897421
dataease/dataease,42,1535,8341,1612239023,1669628469
react-native-image-picker/react-native-image-picker,133,159,771,1433795131,1668246036
apache/shardingsphere-elasticjob,28,155,2234,1444384763,1669025256
ChrisRM/material-theme-jetbrains,273,86,2958,1442992504,1639774411
java-native-access/jna,55,58,4051,907279713,1667124390
LSPosed/LSPosed,57,131,2456,1547828300,1669479125
dropwizard/metrics,150,85,3316,1305083698,1669194476
spring-projects/spring-security,250,3000,12908,1079481437,1669382365
swagger-api/swagger-core,89,244,4121,1311905535,1668526410
datahub-project/datahub,66,538,6916,1447870204,1669484913
gocd/gocd,73,738,15412,1386912377,1669451088
karatelabs/karate,47,270,4026,1486544598,1668158625
testcontainers/testcontainers-java,68,353,4536,1428842677,1669292841
react-native-video/react-native-video,82,73,1604,1427778475,1668632460
software-mansion/react-native-svg,231,62,1843,1453040870,1668525080
real-logic/aeron,101,55,15808,1391793418,1669335459
guardianproject/haven,45,56,987,1356081594,1666750595
Graylog2/graylog2-server,319,2656,21207,1274131694,1669627325
Alluxio/alluxio,116,628,33422,1356111826,1669610029
opensearch-project/OpenSearch,26,566,56133,1265635347,1669400173
apache/beam,193,764,37764,1418496974,1669415067
Netflix/conductor,383,198,3057,1481150992,1667252402
mapstruct/mapstruct,38,350,1616,1338209443,1668345745
micronaut-projects/micronaut-core,140,855,12257,1488817346,1669213735
evernote/android-job,50,61,480,1440100319,1651092760
h6ah4i/android-advancedrecyclerview,30,53,673,1421426255,1612702601
wiremock/wiremock,82,122,2497,1318174140,1667420321
cabaletta/baritone,61,871,2906,1533137675,1667244596
microg/GmsCore,37,133,1130,1398281253,1668078066
hazelcast/hazelcast,186,284,36475,1229341261,1669620518
ElderDrivers/EdXposed,27,454,621,1547828300,1615499777
lettuce-io/lettuce-core,100,418,2277,1300793567,1669189259
OpenTSDB/opentsdb,28,158,1679,1270959072,1641411868
sofastack/sofa-boot,58,123,527,1523016329,1669603638
spring-cloud/spring-cloud-netflix,124,259,3012,1405093598,1668707632
jeremylong/DependencyCheck,128,725,9076,1346986456,1669554144
AntennaPod/AntennaPod,101,793,8359,1324664526,1669566936
huanghongxun/HMCL,159,140,2873,1434960363,1669470215
orientechnologies/orientdb,188,1874,21219,1269864036,1669315494
natario1/CameraView,43,87,612,1480274984,1668242494
firebase/FirebaseUI-Android,65,154,1655,1436903455,1664364872
web3j/web3j,102,150,1835,1473336666,1669301491
reactor/reactor-core,129,440,3959,1447150000,1669193683
Col-E/Recaf,161,166,2275,1501104315,1662089725
CellularPrivacy/Android-IMSI-Catcher-Detector,48,239,2637,1385201054,1667405965
apache/incubator-seatunnel,44,329,2598,1501943414,1669557548
TeamAmaze/AmazeFileManager,37,563,5936,1405366656,1669235117
bisq-network/bisq,132,298,16759,1394617349,1669475992
rstudio/rstudio,2993,2927,39896,1291757518,1669403117
remkop/picocli,83,266,4245,1485696160,1669427138
oblac/jodd,56,128,5364,1237375303,1655740191
PowerJob/PowerJob,36,114,886,1584350396,1664783727
spring-cloud/spring-cloud-gateway,81,156,2158,1479339025,1668708935
oracle/opengrok,127,791,7114,1163621273,1669468532
apache/incubator-heron,146,140,3294,1450556381,1666462092
micrometer-metrics/micrometer,178,331,4574,1491860212,1669226531
sofastack/sofa-rpc,50,156,490,1523369237,1668350343
strimzi/strimzi-kafka-operator,109,581,4905,1462524753,1669558697
crate/crate,412,247,13510,1365585515,1669306187
networknt/light-4j,153,54,1861,1473460094,1669594090
jacoco/jacoco,44,97,1759,1244408565,1665416755
MovingBlocks/Terasology,41,808,11912,1299213204,1669463995
googlemaps/android-maps-utils,39,83,1098,1368749461,1666394071
DV8FromTheWorld/JDA,62,289,2461,1449928652,1669579229
undertow-io/undertow,296,275,5461,1342659165,1669301128
vaticle/typedb,91,1179,6227,1468281597,1669391532
jMonkeyEngine/jmonkeyengine,51,113,7676,1300107332,1669497749
RipMeApp/ripme,273,114,2598,1393320502,1642478828
react-native-share/react-native-share,97,315,969,1443580054,1667669076
spring-cloud/spring-cloud-kubernetes,60,81,1413,1481664986,1669598086
requery/requery,43,165,849,1453871412,1583308182
sofastack/sofa-jraft,26,92,327,1551698276,1669616225
allure-framework/allure2,47,178,921,1467289016,1669009331
ferredoxin/QNotified,28,258,2270,1553404362,1650343723
kestra-io/kestra,61,110,1239,1565725739,1667944907
spotbugs/spotbugs,70,135,16896,1048520627,1668461303
wix/react-native-notifications,163,74,534,1459949452,1667809935
helidon-io/helidon,71,1337,2632,1535495719,1669628465
logisim-evolution/logisim-evolution,30,126,4150,1411104204,1667456158
wildfly/wildfly,135,65,35997,1275067377,1669519167
laravel/framework,858,1107,34667,1357853339,1669552883
Seldaek/monolog,71,147,2665,1297904880,1661001704
bcit-ci/CodeIgniter,37,262,10328,1156526749,1667743557
composer/composer,169,1318,11997,1302017761,1669297148
monicahq/monica,86,261,3743,1487290904,1669576640
sebastianbergmann/phpunit,671,480,17286,1151588449,1669453530
symfony/symfony,644,13702,62543,1262615180,1669454687
nextcloud/server,813,13557,65176,1268221783,1669624595
erusev/parsedown,82,79,843,1373487736,1596982341
briannesbitt/Carbon,207,151,3380,1346940057,1669484160
getgrav/grav,263,373,7429,1407004150,1666743608
yiisoft/yii2,68,2669,20157,1302786315,1669626319
matomo-org/matomo,631,4801,28749,1185280402,1669215657
roots/sage,77,70,2525,1301255181,1668971408
CachetHQ/Cachet,54,489,7274,1416176768,1617288473
SpartnerNL/Laravel-Excel,159,356,1459,1384010921,1665777670
slimphp/Slim,104,75,4399,1285031881,1667856804
PHP-CS-Fixer/PHP-CS-Fixer,200,1471,8846,1337149846,1669057949
the-control-group/voyager,41,678,3122,1477540656,1666801558
mockery/mockery,40,60,1993,1235591593,1666696274
phalcon/cphalcon,83,1463,16416,1326216470,1668296986
octobercms/october,221,1053,5891,1385508643,1669340630
BookStackApp/BookStack,146,555,3798,1436727702,1669205266
magento/magento2,154,10758,133336,1322666983,1669391605
serbanghita/Mobile-Detect,70,87,837,1242910373,1669226556
doctrine/orm,124,3062,12898,1144959755,1669582435
deployphp/deployer,129,270,2741,1373543229,1666856162
firefly-iii/firefly-iii,275,1594,16637,1403941285,1669009119
dompdf/dompdf,26,704,1682,1106693779,1668975603
doctrine/dbal,138,1539,10822,1144959755,1667770788
woocommerce/woocommerce,586,2352,49999,1312902978,1669422131
googleapis/google-api-php-client,62,72,1800,1382115194,1666891232
wallabag/wallabag,72,640,7459,1364994841,1669219819
owncloud/core,462,9962,48902,1268221783,1669510310
doctrine/cache,42,84,786,1246912494,1653079817
predis/predis,51,116,2187,1257595851,1669048624
Sylius/Sylius,225,1925,28441,1315577544,1669625137
lcobucci/jwt,51,55,1272,1394047403,1668989517
snipe/snipe-it,203,769,8994,1458893885,1669234198
PrestaShop/PrestaShop,139,10366,80920,1302632680,1669627567
invoiceninja/invoiceninja,621,329,14767,1538665794,1669418838
jenssegers/laravel-mongodb,120,72,1366,1364740346,1669573945
rectorphp/rector,381,1319,14990,1500138081,1669598209
flarum/framework,38,582,8616,1419056806,1669542246
humhub/humhub,123,810,8782,1392010263,1668366121
akaunting/akaunting,142,822,7006,1505416860,1669381559
aws/aws-sdk-php,1587,206,6544,1340928563,1669604122
doctrine/common,80,250,6004,1144959755,1665393761
Respect/Validation,119,63,1918,1285171709,1612625355
swoft-cloud/swoft,27,242,1328,1493049377,1659405759
timber/timber,141,96,4659,1357161314,1669261349
phan/phan,170,446,7085,1435874800,1666052406
mautic/mautic,145,5370,23555,1394744966,1669216798
filamentphp/filament,540,1475,9477,1583971985,1669572106
FreshRSS/FreshRSS,65,524,5439,1350838077,1669544738
vimeo/psalm,377,2051,12068,1452208163,1669593628
Ocramius/ProxyManager,71,168,2957,1363686159,1667220481
nunomaduro/phpinsights,38,81,720,1554048474,1668784089
yiisoft/yii,43,473,6910,1216565713,1669038792
hyperf/hyperf,186,730,7277,1545883054,1669625808
bagisto/bagisto,39,1838,11768,1528778040,1669373847
elementor/elementor,499,987,25084,1464521140,1668612278
php-webdriver/php-webdriver,32,61,1129,1314336860,1668522833
Codeception/Codeception,198,217,7623,1322625942,1668943747
roundcube/roundcubemail,119,4124,12687,1127657883,1669456912
wp-cli/wp-cli,64,818,5109,1315519515,1668792247
doctrine/migrations,65,69,1766,1269377499,1668896754
doctrine/DoctrineBundle,99,119,2141,1278662496,1668003546
yajra/laravel-datatables,393,53,2033,1366807516,1668678093
pterodactyl/panel,118,999,4540,1449428329,1669593730
webonyx/graphql-php,93,61,1682,1436979082,1668607536
nunomaduro/larastan,119,102,1367,1530307792,1669234336
cakephp/phinx,88,180,3214,1326460643,1669411072
codeigniter4/CodeIgniter4,42,992,14519,1440648988,1669605718
joomla/joomla-cms,368,68,48565,1126757468,1669626183
pixelfed/pixelfed,28,234,8532,1523836593,1668768319
php-amqplib/php-amqplib,67,64,1249,1284530738,1669238536
bolt/bolt,159,747,24356,1339690075,1636719266
MISP/MISP,332,890,23425,1322300731,1669036186
ZoneMinder/zoneminder,85,118,21636,1032167964,1669478513
cytopia/devilbox,39,138,1669,1476031669,1668867214
geocoder-php/Geocoder,58,59,1457,1320690315,1668163170
doctrine-extensions/DoctrineExtensions,81,130,2470,1283515811,1662336558
phpro/grumphp,86,132,1957,1425624692,1669374974
Behat/Behat,131,82,3093,1277907265,1657202944
EasyCorp/EasyAdminBundle,238,1546,5977,1421052182,1669490977
mpdf/mpdf,62,203,851,1316007407,1667975070
phpDocumentor/phpDocumentor,85,589,6192,1276803286,1669569393
Attendize/Attendize,29,106,1253,1456761576,1662503756
Dolibarr/dolibarr,144,2099,115803,1020102817,1669577764
php-telegram-bot/core,67,81,1687,1435330557,1669194322
aonez/Keka,98,191,1509,1478633751,1668273466
wp-graphql/wp-graphql,173,373,4790,1479963524,1669243076
jqhph/dcat-admin,69,139,3037,1555726956,1668821019
Ocramius/PackageVersions,38,52,464,1453734310,1668989703
hybridauth/hybridauth,65,95,1702,1321402182,1662410890
mevdschee/php-crud-api,212,128,2050,1423530532,1667932202
zephir-lang/zephir,108,292,5610,1374072805,1663616837
ampache/ampache,61,283,10309,1118334880,1669611204
salesagility/SuiteCRM,171,1982,16185,1379964644,1668697382
pattern-lab/patternlab-php,27,55,1046,1371606744,1468387834
symfony/maker-bundle,88,100,1529,1510150758,1669122951
pyrocms/pyrocms,131,331,1285,1409725113,1659063531
nuwave/lighthouse,242,232,3429,1463773657,1669109014
area17/twill,101,81,3611,1481896055,1669373997
glpi-project/glpi,113,2703,27753,1075237398,1669619984
craftcms/cms,955,2286,51290,1301091638,1669440841
FriendsOfSymfony/FOSRestBundle,93,51,3358,1300885834,1663476894
archtechx/tenancy,78,211,925,1547760252,1664462952
pimcore/pimcore,202,4355,28015,1300967746,1669629349
brefphp/bref,147,193,2610,1508825505,1669313023
osTicket/osTicket,85,383,8486,1332193877,1669228425
PHP-DI/PHP-DI,103,101,1805,1332028701,1668596061
alextselegidis/easyappointments,33,129,1973,1352656045,1646760435
tastyigniter/TastyIgniter,85,64,2241,1391350948,1668684423
nelmio/alice,70,98,973,1351429447,1668451517
thephpleague/commonmark,120,78,2508,1410110118,1669555070
lexik/LexikJWTAuthenticationBundle,79,51,830,1397117322,1665997671
laravel-shift/blueprint,63,98,379,1571063074,1668381585
phpmetrics/PhpMetrics,52,84,884,1386867909,1667653681
Piwigo/Piwigo,171,203,11209,1052484162,1669629543
PHPSocialNetwork/phpfastcache,184,180,1968,1367091519,1663776711
statamic/cms,248,725,10107,1511278314,1669232118
drush-ops/drush,254,213,8270,1163375317,1669171141
symfony/demo,47,211,1906,1427206613,1668616816
schmittjoh/serializer,73,80,2037,1303944164,1662972016
LycheeOrg/Lychee,35,185,951,1533712721,1669621769
hwi/HWIOAuthBundle,46,301,1938,1323678891,1658490285
slimkit/plus,61,71,13470,1307594708,1640076629
WordPress/WordPress-Coding-Standards,27,284,2931,1304341814,1669463525
opnsense/core,210,654,14704,1414432010,1669450665
AzuraCast/AzuraCast,49,826,6083,1392974710,1669618013
api-platform/core,128,410,4822,1421709417,1669365705
ApiGen/ApiGen,40,75,3799,1286378093,1663619801
phpmd/phpmd,58,213,2335,1232145007,1668780393
php-enqueue/enqueue-dev,147,140,2808,1483008659,1668497037
sonata-project/SonataAdminBundle,227,602,8152,1290186562,1667988071
shopware/platform,71,131,26885,1524144993,1669630022
sabre-io/Baikal,34,105,881,1330374254,1665296882
GeneaLabs/laravel-model-caching,144,120,812,1505659224,1659190781
FrozenNode/Laravel-Administrator,58,104,1026,1352753594,1530535411
paratestphp/paratest,85,111,1134,1350054745,1666959746
Open-Web-Analytics/Open-Web-Analytics,68,107,1980,1144633476,1657406518
kevinpapst/kimai2,56,511,1199,1476983194,1669405492
rebing/graphql-laravel,70,67,1730,1474280923,1666036831
smalot/pdfparser,57,52,392,1377899901,1669392173
PHPCompatibility/PHPCompatibility,28,252,2832,1330817905,1669075569
phpspec/phpspec,104,125,3190,1190649261,1647297122
infection/infection,121,263,1390,1491423989,1667754186
DirectoryLister/DirectoryLister,82,61,1228,1290494265,1662750918
ampproject/amp-wp,141,1124,19649,1442897535,1669268011
Leantime/leantime,37,211,1187,1425073147,1669130457
Kunena/Kunena-Forum,113,3603,16454,1226829653,1669587482
dustin10/VichUploaderBundle,82,58,1138,1322778452,1668841778
getsentry/sentry-php,114,363,1486,1327304329,1669116542
jadjoubran/laravel5-angular-material-starter,53,61,653,1430564901,1512337073
Kovah/LinkAce,72,118,1184,1534963452,1668691135
phpbench/phpbench,60,78,1379,1430649114,1667461469
shlinkio/shlink,104,208,3468,1460141075,1668711467
microsoft/msphpsql,54,74,2382,1216417847,1654186104
pi-hole/AdminLTE,54,379,5088,1387939960,1668452436
goaop/framework,36,75,1229,1298761231,1623428327
liip/LiipImagineBundle,89,165,1911,1297095383,1667807481
userfrosting/UserFrosting,97,155,2681,1395856989,1664760759
HDInnovations/UNIT3D-Community-Edition,54,341,8098,1512662467,1663201764
mirai-mamori/Sakurairo,88,193,1878,1585106642,1664440865
Elgg/Elgg,235,1264,19648,1202741091,1669036094
prettier/plugin-php,52,173,1356,1513371054,1667370019
weprovide/valet-plus,80,80,955,1462309404,1668681066
nilsteampassnet/TeamPass,99,396,2007,1325273939,1669562609
nette/nette,75,207,4515,1138056898,1641908167
netz98/n98-magerun,146,122,2396,1343826993,1664804591
cartalyst/sentinel,47,108,405,1401982216,1649198528
atoum/atoum,44,140,3306,1275040559,1668975511
johnbillion/query-monitor,99,100,3035,1322447418,1668266749
modxcms/revolution,95,4062,12290,1167286216,1668703497
spiral/framework,132,141,5204,1425743304,1669048816
YetiForceCompany/YetiForceCRM,34,1550,38195,1418073552,1669622257
sabre-io/dav,167,283,4734,1197504525,1665308520
kirki-framework/kirki,123,230,5268,1399661700,1653521974
UnionOfRAD/lithium,33,148,5102,1255214538,1667866392
osiset/laravel-shopify,101,54,863,1499367229,1669046758
iina/iina,58,288,3154,1468399834,1669524396
Alamofire/Alamofire,94,137,1570,1406755870,1669087388
danielgindi/Charts,49,89,1787,1426848552,1663037480
vapor/vapor,488,500,5647,1453156761,1669224310
hackiftekhar/IQKeyboardManager,80,235,1213,1358378961,1663831967
MonitorControl/MonitorControl,32,131,227,1474955416,1664983164
ReactiveCocoa/ReactiveCocoa,131,228,8656,1330632783,1656895185
JohnCoates/Aerial,178,64,1325,1445577954,1667853356
realm/SwiftLint,115,374,5993,1431795490,1669394296
utmapp/UTM,62,126,2554,1555085201,1669534484
exelban/stats,182,76,1373,1559157914,1669548152
ianyh/Amethyst,84,256,1246,1368566939,1667685133
Moya/Moya,94,75,3446,1408174881,1660320884
Carthage/Carthage,60,187,4336,1412970895,1668245088
CosmicMind/Material,283,126,2498,1440266151,1571326074
SwifterSwift/SwifterSwift,47,51,925,1470090325,1669415161
Juanpe/SkeletonView,63,78,875,1510081569,1666263703
mas-cli/mas,32,91,1242,1436610630,1665271023
Quick/Quick,41,98,1984,1401913784,1669410096
pointfreeco/swift-composable-architecture,66,75,823,1588547995,1669140116
Kitura/Kitura,166,88,1178,1450195792,1665121354
SwiftGen/SwiftGen,57,98,2726,1437007587,1660395693
patchthecode/JTAppleCalendar,62,107,1040,1458127570,1660819112
malcommac/SwiftDate,71,176,1304,1430894784,1662965722
apple/swift-nio,117,51,2119,1492686794,1669134762
nicklockwood/SwiftFormat,213,265,1819,1471894746,1669230815
p0deje/Maccy,44,106,435,1487312762,1668446135
lwouis/alt-tab-macos,234,464,1094,1566902813,1668634502
jonkykong/SideMenu,64,162,657,1450927735,1602966581
MessageKit/MessageKit,58,183,1956,1500321510,1666737054
glushchenko/fsnotes,243,389,2218,1500570850,1668361324
Ji4n1ng/OpenInTerminal,50,72,294,1554989094,1662791621
coteditor/CotEditor,285,366,11937,1292030850,1669448068
bitgapp/eqMac,28,206,608,1500811277,1644234205
Quick/Nimble,69,67,1861,1402037581,1668733440
DeclarativeHub/Bond,153,52,1239,1422562405,1604163577
ddddxxx/LyricsX,39,64,1522,1486181419,1651556801
apollographql/apollo-ios,138,73,3233,1469492728,1669068344
wordpress-mobile/WordPress-iOS,543,3847,68488,1216831152,1669629931
leits/MeetingBar,27,112,1274,1588849400,1669114939
mrousavy/react-native-vision-camera,82,211,922,1613746785,1669387207
malcommac/SwiftLocation,35,69,545,1438170690,1612954855
tuist/tuist,126,247,6063,1523869262,1669630522
PlayCover/PlayCover,36,73,915,1628065499,1669337425
richardtop/CalendarKit,113,64,847,1445262332,1667973870
Automattic/simplenote-ios,51,334,6086,1470931212,1669261734
sberrevoets/SDCAlertView,32,75,689,1379708971,1663694141
stripe/stripe-ios,253,60,5534,1351617414,1669162712
corona-warn-app/cwa-app-ios,558,1617,29768,1590828579,1669384462
tuist/XcodeProj,87,71,2006,1492775583,1665917624
grpc/grpc-swift,93,74,1531,1471046605,1668436397
RevenueCat/purchases-ios,154,126,1967,1506659050,1669424993
quoid/userscripts,32,51,820,1543699664,1667840235
vector-im/element-ios,219,593,17657,1412262167,1669406374
nextcloud/ios,125,172,17515,1480672926,1669022055
vapor/fluent,172,164,1271,1453934501,1669517605
mozilla-mobile/focus-ios,39,610,1745,1447204691,1667586499
HearthSim/HSTracker,213,213,2585,1426250080,1669059071
ptsochantaris/trailer,69,90,1294,1379661427,1626714426
