facebook/create-react-app,85,169,2800,1468601197,1662622847
facebook/react,140,229,15360,1369856771,1668568254
twbs/bootstrap,81,393,22024,1303937631,1668567104
mui/material-ui,389,874,20823,1408389114,1668552498
facebook/react-native,431,163,26084,1422580249,1668614692
nodejs/node,759,409,37561,1234742520,1668617772
jquery/jquery,154,108,6584,1142998387,1668447413
webpack/webpack,590,288,15206,1331381483,1668007643
atom/atom,568,316,38531,1313727119,1668609065
angular/angular,792,1805,25574,1411056721,1668619138
mermaid-js/mermaid,106,177,6322,1414885952,1668573964
strapi/strapi,264,517,25147,1443652216,1668618030
serverless/serverless,365,407,15525,1429588150,1668602531
prettier/prettier,118,604,6962,1480439650,1667728750
yarnpkg/yarn,171,114,2353,1453543577,1662404051
TryGhost/Ghost,610,917,31858,1367665753,1668583740
parcel-bundler/parcel,56,501,2828,1501952377,1667968473
cypress-io/cypress,287,647,19117,1402021171,1668618026
Leaflet/Leaflet,56,127,7470,1283352930,1668427982
vuejs/vue-cli,182,119,3531,1514148206,1667962736
sequelize/sequelize,617,186,9678,1279826724,1668546991
GoogleChrome/lighthouse,119,374,5441,1452878000,1668552970
transloadit/uppy,63,217,9132,1447677154,1668608394
Kong/insomnia,118,124,3797,1458107382,1668615778
rollup/rollup,609,257,5052,1431642351,1668230677
swagger-api/swagger-ui,299,155,5502,1311616565,1667976820
mochajs/mocha,190,110,3594,1314587614,1668536838
quasarframework/quasar,79,152,12490,1444059936,1668443917
eslint/eslint,314,696,8665,1372549714,1668565270
avajs/ava,103,102,1954,1416331152,1668434988
handsontable/handsontable,206,143,7714,1306190479,1668590153
angular/material,116,524,4949,1404242812,1649704706
youzan/vant-weapp,130,126,2478,1482136217,1668396364
Budibase/budibase,1581,136,27498,1553031921,1668605843
appium/appium,533,179,9249,1357771790,1668461816
netlify/netlify-cms,103,181,4088,1456389956,1653647153
ToolJet/ToolJet,136,702,3457,1617197929,1668618942
angular-ui/bootstrap,60,135,2073,1349461621,1507998922
bootstrap-vue/bootstrap-vue,154,224,5347,1475942330,1666746599
ether/etherpad-lite,61,102,8021,1301145041,1667822990
Semantic-Org/Semantic-UI-React,305,124,3105,1443708831,1666171473
mishoo/UglifyJS,271,890,3298,1338116941,1668393326
reactioncommerce/reaction,187,134,21137,1379518236,1667279005
wenzhixin/bootstrap-table,59,380,4660,1377012908,1668323783
caddyserver/caddy,116,119,1533,1553623254,1668443882
gohugoio/hugo,209,459,7280,1372951586,1668532868
etcd-io/etcd,229,146,18806,1370565812,1668599175
prometheus/prometheus,273,148,10562,1353755652,1668607789
moby/moby,338,548,44993,1358554419,1668604315
kubernetes/kubernetes,976,5098,112130,1402098048,1668608089
ethereum/go-ethereum,193,146,13795,1388058352,1668608532
go-gitea/gitea,164,1687,14140,1392170503,1668597298
pingcap/tidb,238,3206,18959,1441512282,1668595195
hashicorp/terraform,259,1825,30590,1400714933,1668532071
cli/cli,104,390,6118,1570159231,1668517870
docker/compose,199,193,3683,1586184040,1668600293
hashicorp/consul,214,207,19247,1383603327,1668578857
hashicorp/vault,193,147,16197,1424823359,1668621202
influxdata/influxdb,401,525,35219,1365690807,1668606026
kubernetes/minikube,137,1009,20249,1460759915,1668620651
cockroachdb/cockroach,302,2840,74827,1391645927,1668618823
helm/helm,171,249,6722,1446508376,1668614229
portainer/portainer,108,300,3555,1370736734,1668621308
dapr/dapr,138,483,3689,1561069106,1668572915
grafana/k6,75,134,4857,1458579106,1668442075
grpc/grpc-go,132,299,4318,1421456611,1668126979
dgraph-io/dgraph,163,147,5763,1440486956,1668270928
goharbor/harbor,230,156,11457,1454327950,1668587934
containers/podman,175,1260,17177,1509548487,1668549453
vitessio/vitess,113,316,31989,1330154383,1668619513
aquasecurity/trivy,103,227,1732,1553675618,1668585973
pulumi/pulumi,363,606,8423,1475967685,1668588757
milvus-io/milvus,256,520,16074,1552908789,1668596708
ipfs/kubo,134,265,13720,1403768328,1668594419
kubernetes/kops,195,141,18394,1459205428,1668616370
hashicorp/packer,110,828,18060,1364017313,1668526954
cilium/cilium,465,724,20920,1450269211,1668592528
GoogleContainerTools/skaffold,123,422,8405,1515007955,1668550984
gravitational/teleport,1414,541,9735,1425324960,1668620579
containerd/containerd,156,154,11264,1446766193,1668611816
hashicorp/nomad,201,581,23965,1433154060,1668616638
nats-io/nats-server,77,110,6526,1351527145,1668557140
argoproj/argo-workflows,299,858,3945,1508276328,1668542780
influxdata/telegraf,212,847,7061,1427905724,1668608297
kubernetes/dashboard,60,138,4402,1444950554,1668444401
golangci/golangci-lint,117,103,2081,1525441275,1668457672
thanos-io/thanos,92,113,2958,1509557884,1668588312
argoproj/argo-cd,238,705,4730,1518655987,1668620525
elastic/beats,223,677,16020,1391626862,1668603874
projectdiscovery/nuclei,60,245,3446,1585939587,1667854337
goreleaser/goreleaser,507,187,4174,1482323734,1668601974
rook/rook,159,702,9331,1468017869,1668616467
tailscale/tailscale,85,129,4838,1580508004,1668620318
cert-manager/cert-manager,145,383,7285,1500453553,1668620244
JanDeDobbeleer/oh-my-posh,895,110,2204,1552475670,1668584245
go-swagger/go-swagger,59,187,2966,1416163841,1667686090
openshift/origin,72,255,35174,1406744262,1668616849
twpayne/chezmoi,151,143,3832,1541021802,1668463185
flynn/flynn,724,116,7416,1373652344,1630772259
TykTechnologies/tyk,364,204,4036,1399472198,1668168994
hashicorp/terraform-provider-aws,285,1670,59016,1401409718,1668614548
prometheus-operator/prometheus-operator,110,114,5354,1474458493,1668594390
open-policy-agent/opa,141,310,4296,1451340505,1668510973
lucas-clemente/quic-go,67,144,5839,1459973741,1668555755
tektoncd/pipeline,112,281,3449,1535566916,1668594768
sourcegraph/sourcegraph,473,1235,25970,1493875306,1668618471
vmware-tanzu/velero,103,132,3395,1501694837,1668501200
concourse/concourse,371,305,26490,1397434264,1668569057
lightningnetwork/lnd,138,267,13917,1445986196,1668597466
tilt-dev/tilt,213,232,4615,1533657605,1668620520
crossplane/crossplane,89,112,4177,1536384153,1668455653
operator-framework/operator-sdk,99,153,3104,1518026032,1668554193
kubeedge/kubeedge,53,220,4526,1538125070,1668581104
aquasecurity/tfsec,322,103,1305,1551718642,1666715376
chaos-mesh/chaos-mesh,59,117,1639,1567564195,1668565795
tendermint/tendermint,241,114,9067,1397867517,1668538081
scrapy/scrapy,108,107,9425,1241460980,1668588474
huggingface/transformers,112,120,11345,1540821362,1668619206
scikit-learn/scikit-learn,100,668,29242,1262697992,1668615570
python/cpython,525,130,115286,650211915,1668620249
ansible/ansible,471,5649,53217,1330024644,1668525957
yt-dlp/yt-dlp,68,264,21268,1216674751,1668561777
commaai/openpilot,73,128,8034,1579284172,1668619536
localstack/localstack,57,211,3789,1471333372,1668607339
pandas-dev/pandas,139,3033,30672,1249052836,1668613261
certbot/certbot,117,282,10584,1337280610,1668465329
explosion/spaCy,128,202,15692,1404400540,1668604150
apache/airflow,223,1064,18019,1412630978,1668613423
tqdm/tqdm,152,102,1928,1382813404,1662202582
python-poetry/poetry,118,228,2665,1519163262,1668615934
numpy/numpy,210,511,30811,1008690310,1668615553
pypa/pipenv,339,118,8039,1484873062,1668331715
Lightning-AI/lightning,150,759,8177,1553993158,1668593222
celery/celery,227,162,12067,1240572600,1668595885
streamlit/streamlit,1105,265,5095,1515543330,1668559635
freqtrade/freqtrade,66,133,18654,1494609116,1668576986
saleor/saleor,428,253,20057,1360687599,1668600318
bokeh/bokeh,103,1192,19864,1332650781,1668620804
zulip/zulip,92,562,49193,1346172110,1668610246
matplotlib/matplotlib,115,313,44930,1052752838,1668589433
jina-ai/jina,361,279,8017,1581613485,1668610854
ipython/ipython,107,385,26166,1120672352,1668615098
huggingface/datasets,62,279,3201,1586853350,1668595270
RasaHQ/rasa,445,376,30798,1476448069,1668439982
python/mypy,72,556,10759,1351693223,1668618972
wagtail/wagtail,194,410,14155,1390393643,1668439817
mlflow/mlflow,108,206,3486,1528214934,1668588209
saltstack/salt,237,1569,115237,1298233112,1668591906
aws/aws-cli,1848,128,10713,1353023040,1668539378
horovod/horovod,73,104,1266,1502307599,1668610077
pytorch/vision,81,128,3198,1478740260,1668613461
frappe/erpnext,1024,331,43569,1307524035,1668611494
pydantic/pydantic,92,284,1459,1493846621,1668200362
netbox-community/netbox,244,304,10507,1456849383,1668616485
ansible/awx,64,167,32593,1362060620,1668615833
PrefectHQ/prefect,152,168,13312,1626118590,1668616339
iterative/dvc,414,816,8147,1488615393,1668564562
python-pillow/Pillow,82,104,14009,1280544061,1668605915
matrix-org/synapse,522,134,21798,1407852652,1668612335
pyinstaller/pyinstaller,55,104,8549,1125679389,1668522835
pytest-dev/pytest,178,172,14793,1169648641,1668514299
secdev/scapy,527,126,6091,1048681573,1668600094
pypa/pip,133,232,13425,1224108177,1668264382
modin-project/modin,60,663,2053,1529622672,1668597814
numba/numba,189,429,23595,1331205308,1668471060
spyder-ide/spyder,185,412,26295,1249807817,1668547975
alacritty/alacritty,79,201,2045,1456071341,1668521408
denoland/deno,208,830,8206,1526268721,1668618778
rust-lang/rust,104,3649,210204,1276723845,1668594444
starship/starship,126,248,2430,1554175383,1668539332
nushell/nushell,64,259,6227,1557507552,1668620272
meilisearch/meilisearch,156,145,4476,1524405274,1668616844
swc-project/swc,301,966,6180,1513947096,1668577847
wasmerio/wasmer,63,128,12444,1539286176,1668086319
tikv/tikv,180,454,6846,1452142924,1668590036
vectordotdev/vector,67,658,8539,1536864291,1668619744
clap-rs/clap,225,207,6743,1424871393,1668616046
bytecodealliance/wasmtime,57,138,10537,1452645287,1668617681
rust-lang/cargo,76,415,12991,1393974978,1668600214
rust-lang/rust-clippy,143,830,15511,1416383446,1668619951
openethereum/parity-ethereum,295,234,12342,1448277142,1580917458
datafuselabs/databend,589,317,21378,1602325961,1668608937
rust-lang/rustfmt,91,223,5279,1422238597,1667709596
MaterializeInc/materialize,204,667,21286,1512464522,1668605455
microsoft/onefuzz,89,123,1635,1595888612,1668530512
obsproject/obs-studio,172,122,11910,1380595033,1668571830
netdata/netdata,68,1134,14632,1371494350,1668608263
timescale/timescaledb,93,284,3676,1476839811,1668591146
swaywm/sway,80,200,6998,1438736566,1667497154
systemd/systemd,76,599,61025,1114574387,1668620527
citusdata/citus,132,375,6248,1455156332,1668524019
zephyrproject-rtos/zephyr,131,4076,72181,1428709477,1666974178
betaflight/betaflight,247,125,17860,1329385198,1668603834
wazuh/wazuh,86,334,26566,1127488204,1667984111
RIOT-OS/RIOT,150,410,41929,1285161042,1668594733
stellar/stellar-core,153,118,8131,1416849268,1668126035
bitcoin/bitcoin,271,407,35835,1251603999,1668607468
opencv/opencv,118,716,32397,1273599840,1668615888
microsoft/terminal,107,944,3346,1502494553,1668559797
tensorflow/tensorflow,183,583,138723,1446856078,1668623078
pytorch/pytorch,115,803,53874,1327499720,1668623138
electron/electron,2042,739,26912,1363201925,1668571321
nlohmann/json,55,144,4497,1372927743,1664704539
grpc/grpc,228,426,52180,1416615376,1668621704
taichi-dev/taichi,111,242,9686,1479982284,1668609795
ClickHouse/ClickHouse,1539,1112,101337,1228129846,1668621066
ethereum/solidity,102,527,22933,1388712439,1668615630
osquery/osquery,123,103,6219,1406766919,1668529742
envoyproxy/envoy,93,504,12689,1470668845,1668618257
google/filament,114,150,5378,1533317902,1668465132
xbmc/xbmc,137,196,61635,1253670590,1668607346
keepassxreboot/keepassxc,54,304,4403,1281186644,1668162090
RPCS3/rpcs3,57,219,14374,1351955778,1668250845
transmission/transmission,114,136,14988,1137087801,1668606019
minetest/minetest,57,495,10409,1290812541,1668622296
opencv/opencv,118,716,32397,1273599840,1668615888
musescore/MuseScore,59,1215,28330,1337858643,1668622700
PCSX2/pcsx2,1574,269,15589,1226013888,1668531893
NixOS/nix,101,227,12975,1047475944,1668594520
LMMS/lmms,61,138,7700,1127396992,1667795610
PX4/PX4-Autopilot,126,313,41521,1324322649,1667923015
canonical/multipass,90,213,5914,1512151602,1668537095
falcosecurity/falco,51,106,3286,1453330076,1668164431
redpanda-data/redpanda,225,589,17935,1548696976,1668623699
rapidsai/cudf,79,1032,35882,1490914716,1668622424
MaaAssistantArknights/MaaAssistantArknights,223,149,4839,1625900530,1668617339
zeek/zeek,120,162,14096,1285645350,1668560572
sass/libsass,64,249,4194,1328050309,1662748863
wesnoth/wesnoth,224,149,81369,1063626761,1668554271
gnuradio/gnuradio,148,133,15176,1154580711,1667586185
StarRocks/starrocks,90,1164,5550,1630758799,1668620832
dbeaver/dbeaver,173,276,23535,1349249067,1668616431
halo-dev/halo,94,127,2317,1516529306,1668596180
alibaba/nacos,51,105,4401,1532104043,1668414682
TeamNewPipe/NewPipe,126,370,10348,1441325703,1668090394
apache/skywalking,54,244,7352,1446867037,1668609754
bazelbuild/bazel,183,568,34103,1424879120,1668622158
OpenAPITools/openapi-generator,70,853,17912,1309963516,1668562828
material-components/material-components-android,66,107,4886,1481331995,1668039640
keycloak/keycloak,180,490,14975,1372772331,1668601488
prestodb/presto,335,101,20454,1344455914,1668054042
elastic/logstash,297,217,10315,1249434083,1668612869
apache/pulsar,157,960,10809,1473225037,1668610218
quarkusio/quarkus,204,3092,34184,1529647528,1668618115
questdb/questdb,64,118,3826,1398727755,1668520023
grpc/grpc-java,130,107,5609,1399394516,1668125713
OpenRefine/OpenRefine,55,318,7229,1272322742,1668551388
airbytehq/airbyte,337,936,8649,1595918359,1668624261
spring-projects/spring-security,248,131,12823,1079481437,1668621097
trinodb/trino,229,501,29804,1344455914,1668543494
Graylog2/graylog2-server,318,704,21135,1274131694,1668610780
Alluxio/alluxio,116,223,33405,1356111826,1668591605
apache/beam,192,310,37633,1418496974,1668623992
MinecraftForge/MinecraftForge,76,148,8351,1310504540,1667938728
micronaut-projects/micronaut-core,139,228,12208,1488817346,1668501516
composer/composer,169,103,11994,1302017761,1668602578
monicahq/monica,86,132,3736,1487290904,1666123603
laravel/framework,858,185,34616,1357853339,1668541837
symfony/symfony,642,423,62452,1262615180,1668420816
nextcloud/server,824,1008,65021,1268221783,1668621990
matomo-org/matomo,711,513,28743,1185280402,1668564880
yiisoft/yii2,67,141,20146,1302786315,1668585780
PHP-CS-Fixer/PHP-CS-Fixer,212,150,8842,1337149846,1667642270
phalcon/cphalcon,83,161,16416,1326216470,1668296986
magento/magento2,154,1103,133002,1322666983,1668596113
woocommerce/woocommerce,607,769,49951,1312902978,1668616242
owncloud/core,475,2005,48892,1268221783,1668584915
Sylius/Sylius,225,265,28385,1315577544,1668605027
PrestaShop/PrestaShop,139,1831,80642,1302632680,1668615657
rectorphp/rector,381,743,14945,1500138081,1668612813
filamentphp/filament,538,249,9358,1583971985,1668607222
mautic/mautic,145,339,23550,1394744966,1668438713
hyperf/hyperf,183,167,7251,1545883054,1668585701
vimeo/psalm,381,347,11987,1452208163,1668540017
EasyCorp/EasyAdminBundle,237,269,5960,1421052182,1668158090
Dolibarr/dolibarr,154,141,115399,1020102817,1668594139
wp-graphql/wp-graphql,173,121,4724,1479963524,1668461125
glpi-project/glpi,149,150,27704,1075237398,1668607016
pimcore/pimcore,201,479,27961,1300967746,1668179180
mozilla-mobile/firefox-ios,97,185,10205,1415041667,1668625444
wordpress-mobile/WordPress-iOS,741,744,68295,1216831152,1668625094
tuist/tuist,125,137,6052,1523869262,1668496161
sveltejs/svelte,386,462,6891,1479256397,1668089707
puppeteer/puppeteer,138,104,3057,1494368173,1668513265
vuejs/vue,287,104,3540,1460342848,1667997592
ant-design/ant-design,586,919,22877,1430995836,1668565431
microsoft/TypeScript,183,2959,34037,1404778096,1668578809
storybookjs/storybook,1380,103,44896,1449831241,1668621006
angular/angular,793,1805,25575,1411056721,1668620871
microsoft/vscode,209,3334,102670,1447421978,1668622923
coder/code-server,91,131,3450,1549386939,1668450522
microsoft/playwright,87,150,9300,1573842764,1668621280
facebook/jest,279,367,6606,1400085721,1668586672
apache/echarts,136,287,8950,1369993554,1668511409
vitejs/vite,284,432,4934,1587369610,1668607869
ionic-team/ionic-framework,501,498,12027,1426541032,1668625083
babel/babel,776,940,15543,1348476525,1668588878
apache/superset,319,357,12542,1435875419,1668624810
grafana/grafana,354,2535,39035,1359172859,1668624158
pixijs/pixijs,192,132,6196,1358808050,1668528479
react-hook-form/react-hook-form,624,164,3341,1551839385,1668559469
vuejs/core,131,319,4606,1537371338,1668425031
facebook/docusaurus,147,425,5378,1499448509,1668617569
laurent22/joplin,433,255,8314,1476892481,1668591450
vuetifyjs/vuetify,459,791,11816,1473640846,1668621470
typeorm/typeorm,86,316,5112,1456036723,1667640222
angular/angular-cli,692,1223,9935,1427164088,1668549484
hasura/graphql-engine,167,319,5670,1529847648,1668618659
ianstormtaylor/slate,285,234,3918,1466017632,1667928996
prisma/prisma,144,630,8641,1556562936,1668623578
appsmithorg/appsmith,165,2480,11435,1548080388,1668609938
angular/components,334,2386,10343,1451933402,1668617456
marmelab/react-admin,277,451,15452,1467727232,1668600079
NativeScript/NativeScript,202,193,7098,1394641618,1668428056
pnpm/pnpm,910,239,7865,1453919695,1668608189
refined-github/refined-github,301,657,3245,1455554729,1668404844
lensapp/lens,212,667,3111,1542004503,1668605586
backstage/backstage,224,471,33513,1579940192,1668618174
jhipster/generator-jhipster,235,631,41277,1382386042,1668612433
directus/directus,298,1010,9664,1580929352,1668616132
apollographql/apollo-client,418,112,11302,1456518300,1668621934
elastic/kibana,298,6407,58406,1369213929,1668625896
framer/motion,645,142,3533,1542362897,1668525098
outline/outline,124,240,4589,1456609991,1668478496
teambit/bit,160,118,10915,1478190695,1668624920
material-components/material-components-web,105,157,7201,1396860318,1668623637
tensorflow/tfjs,171,222,5610,1501782313,1668621194
eclipse-theia/theia,86,589,6210,1487947326,1659708906
darkreader/darkreader,56,181,6272,1416061372,1668624410
the1812/Bilibili-Evolved,308,136,6988,1531727213,1666406355
nrwl/nx,398,998,7134,1502374533,1668625931
wangeditor-team/wangEditor,164,147,2408,1589534359,1668392439
redwoodjs/redwood,230,241,7331,1560111539,1668623458
mattermost/focalboard,85,594,3185,1602174087,1668613885
typescript-eslint/typescript-eslint,206,590,3319,1547401936,1668607834
electron-userland/electron-builder,747,180,2690,1432194302,1667499356
tusen-ai/naive-ui,131,119,7976,1558680093,1668501090
mswjs/msw,150,150,1286,1542117471,1668555161
highcharts/highcharts,130,728,25723,1276258653,1668507961
VSCodeVim/Vim,232,179,6368,1447318944,1668562981
botpress/botpress,337,153,13279,1475691526,1668529388
PostHog/posthog,79,530,9768,1579819587,1668618381
gitpod-io/gitpod,77,579,7998,1598345162,1668614929
aws/aws-cdk,375,2399,10469,1507144957,1668619665
amplication/amplication,92,351,14110,1582710611,1668598680
vector-im/element-web,420,1071,12059,1433868042,1668620551
NG-ZORRO/ng-zorro-antd,133,248,2287,1502807004,1668499372
uber/baseweb,382,131,3241,1520622848,1665082321
ng-bootstrap/ng-bootstrap,130,166,2145,1442345862,1667901150
webdriverio/webdriverio,563,190,4702,1512243592,1668566452
akveo/nebular,74,131,2234,1461159132,1668523445
adobe/react-spectrum,80,142,3585,1462289254,1668617124
vitest-dev/vitest,273,123,2129,1638547546,1668433126
microsoft/azuredatastudio,141,1699,8641,1509584414,1668625530
software-mansion/react-native-reanimated,79,197,1371,1524648152,1668607547
getsentry/sentry-javascript,396,197,5597,1322544957,1668595928
eclipse/che,275,564,9335,1455193165,1667392114
vmware/clarity,316,225,2319,1475169859,1651772775
webiny/webiny-js,283,119,13992,1515504907,1668508094
palantir/tslint,148,198,2895,1373832674,1616686898
angular/flex-layout,193,162,730,1478013630,1665504356
refinedev/refine,263,109,3564,1611231351,1668608830
elastic/eui,474,342,4856,1484022474,1668621533
